The Beat Cop save file. Comments are auto generated;
FX / FX Params / Sample Start Positions / Sample Lengths / Sample Volumes
(all others unused);
0 0 0 0 0 0 0 0 0 0 0 0 0 0 0 0;
0.354 0.354 0.354 0.354 0.354 0.354 0.354 0.354 0.517241 0.482759 0.517241
0.517241 0.25 0.354 0.354 1;
0 0 0 0 0 0 0 0 0 0 0 0 0 0 0 0;
1 1 1 1 1 1 1 1 1 1 1 1 1 1 1 0.067931;
0.328966 0.328966 0.328966 0.328966 0.328966 0.328966 0.328966 0.328966
1 1 1 1 1 0.328966 0.328966 1;
0 0 0 0 0 0 0 0 0.515862 0.515862 0.515862 0.515862 0.515862 0.515862
0.515862 0.515862;
0 0 0 0 0 0 0 0 0 0 0 0 0 0 0 0;
0 0 0 0 0 0 0 0 0 0 0 0 0 0 0 0;
0 0 0 0 0 0 0 0 0 0 0 0 0 0 0 0;
0 0 0 0 0 0 0 0 0 0 0 0 0 0 0 0;
0 0 0 0 0 0 0 0 0 0 0 0 0 0 0 0;
0 0 0 0 0 0 0 0 0 0 0 0 0 0 0 0;
0 0 0 0 0 0 0 0 0 0 0 0 0 0 0 0;
0 0 0 0 0 0 0 0 0 0 0 0 0 0 0 0;
0 0 0 0 0 0 0 0 0 0 0 0 0 0 0 0;
0 0 0 0 0 0 0 0 0 0 0 0 0 0 0 0;
;
Gate data for all 16 sequences in the pattern;
0 0 0 1 0 0 0 0 0 0 0 1 0 0 0 1;
0 0 0 0 0 1 0 0 0 0 0 0 1 0 0 1;
0 0 0 0 0 0 0 0 0 0 0 0 1 0 0 1;
0 0 0 0 0 0 0 0 0 0 0 0 0 0 0 0;
0 0 1 0 1 1 0 0 0 1 0 0 0 0 0 0;
0 1 0 0 0 0 0 1 0 0 0 0 0 1 1 0;
1 1 0 0 0 0 0 0 0 0 0 0 0 0 0 0;
0 0 0 0 0 1 1 0 0 0 0 0 0 0 0 0;
0 0 0 0 0 1 0 0 0 0 0 1 1 0 0 0;
0 0 0 0 0 0 1 0 0 1 1 0 1 0 0 0;
0 0 0 0 0 0 1 0 0 0 0 0 0 0 0 0;
0 0 0 1 0 0 1 0 0 0 1 0 0 0 1 1;
0 0 0 0 0 0 0 0 0 0 1 0 0 0 0 0;
0 0 1 1 0 1 1 0 1 0 0 0 0 0 1 0;
0 0 0 0 0 0 0 0 0 1 0 0 0 0 1 0;
0 0 0 0 0 0 0 0 0 0 0 0 0 0 0 0;
;
Pitch data for all 16 sequences in the pattern;
0.55 0.576 0.529 0.713 0.37 0.328 0.342 0.667 0.461 0.079 0.536 0.619
0.482 0.529 0.914 0.375;
0.625 0.374 0.257 0.3 0.434 0.37 0.287 0.544 0.715 0.417 0.309 0.685
0.311 0.255 0.564 0.317;
0.652 0.452 0.569 0.882 0.655 0.286 0.702 0.172 0.173 0.612 0.309 0.683
0.328 0.726 0.59 0.758;
0.151 0.781 0.277 0.559 0.422 0.174 0.782 0.359 0.158 0.375 0.12 0.515
0.184 0.239 0.449 0.702;
0.25 0.878 0.829 0.59 0.22 0.197 0.304 0.43 0.51 0.515 0.42 0.154 0.617
0.244 0.172 0.249;
0.0809999 0.327 0.138 0.751 0.597 0.582 0.655 0.291 0.619 0.355 0.406
0.662 0.376 0.194 0.375 0.588;
0.901 0.322 0.811 0.369 0.623 0.589 0.709 0.426 0.456 0.832 0.885 0.0779999
0.846 0.125 0.704 0.406;
0.427 0.574 0.371 0.377 0.459 0.575 0.434 0.87 0.567 0.885 0.665 0.624
0.387 0.65 0.357 0.505;
0.558 0.86 0.527 0.746 0.332 0.447 0.382 0.689 0.539 0.549 0.169 0.468
0.516 0.386 0.655 0.729;
0.173 0.504 0.476 0.479 0.536 0.686 0.649 0.0479999 0.0179999 0.436
0.911 0.415 0.233 0.59 0.409 0.468;
0.783 0.444 0.508 0.706 0.394 0.298 0.885 0.717 0.261 0.193 0.865 0.308
0.668 0.523 0.554 0.719;
0.88 0.646 0.464 0.558 0.327 0.411 0.284 0.415 0.528 0.565 0.644 0.564
0.441 0.543 0.545 0.488;
0.559 0.633 0.251 0.778 0.821 0.158 0.686 0.526 0.663 0.81 0.41 0.642
0.291 0.553 0.415 0.388;
0.5 0.501 0.352 0.627 0.878 0.28 0.898 0.44 0.569 0.256 0.391 0.572
0.51 0.523 0.779 0.581;
0.415 0.928 0.801 0.461 0.597 0.555 0.829 0.643 0.215 0.352 0.364 0.454
0.424 0.488 0.767 0.265;
0.593 0.595 0.667 0.701 0.656 0.792138 0.102069 1 0.152 0.554 0.169
0.451 0.455 0.545 0.095 0.246;
;
Retrig data for all 16 sequences in the pattern;
0 0 0 0 0 0 0 0 0 0 0 0 0 0 0 0;
0 0 0 0 0 0 0 0 0 0 0 0 0 0 0 0;
0 0 0 0 0 0 0 0 0 0 0 0 0 0 0 0;
0 0 0 0 0 0 0 0 0 0 0 0 0 0 0 0;
0 0 0 0 0 0 0 0 0 0 0 0 0 0 0 0;
0 0 0 0 0 0 0 0 0 0 0 0 0 0 0 0;
0 0 0 0 0 0 0 0 0 0 0 0 0 0 0 0;
0 0 0 0 0 0 0 0 0 0 0 0 0 0 0 0;
0 0 0 0 0 0 0 0 0 0 0 0 0 0 0 0;
0 0 0 0 0 0 0 0 0 0 0 0 0 0 0 0;
0 0 0 0 0 0 0 0 0 0 0 0 0 0 0 0;
0 0 0 0 0 0 0 0 0 0 0 0 0 0 0 0;
0 0 0 0 0 0 0 0 0 0 0 0 0 0 0 0;
0 0 0 0 0 0 0 0 0 0 0 0 0 0 0 0;
0 0 0 0 0 0 0 0 0 0 0 0 0 0 0 0;
0 0 0 0 0 0 0 0 0 0 0 0 0 0 0 0;
