The Beat Cop save file. Comments are auto generated;
FX / FX Params / Sample Start Positions / Sample Lengths / Sample Volumes
(all others unused);
2 2 2 2 2 2 2 2 2 2 2 2 2 2 2 2;
0.544138 0.473103 0.27 0.235862 0.402069 0.364138 0.63 0.533103 0.0689655
0.037931 0.791034 0.264138 0.335862 0.774138 0.455172 1;
0.0825173 0 0 0 0.275517 0 0.268517 0 0 0.0455173 0.306517 0 0 0.00951725
0.321517 0;
0.989965 1 0.921966 0.876966 0.894966 1 0.952965 1 1 0.901965 1 0.946966
1 0.930966 0.944966 1;
1 0.568965 0.762069 0.867931 1 0.663103 0.531034 0.96 0.834828 0.231034
0.342069 0.43 0.211034 0.951034 0.257931 0.244138;
0.417241 0.889655 0.480345 0 0.141724 0.401724 0.26 0.574828 0.37 0
1 0.519655 0.598276 0.803103 0.818965 0.252069;
0 0 0 0 0 0 0 0 0 0 0 0 0 0 0 0;
0 0 0 0 0 0 0 0 0 0 0 0 0 0 0 0;
0 0 0 0 0 0 0 0 0 0 0 0 0 0 0 0;
0 0 0 0 0 0 0 0 0 0 0 0 0 0 0 0;
0 0 0 0 0 0 0 0 0 0 0 0 0 0 0 0;
0 0 0 0 0 0 0 0 0 0 0 0 0 0 0 0;
0 0 0 0 0 0 0 0 0 0 0 0 0 0 0 0;
0 0 0 0 0 0 0 0 0 0 0 0 0 0 0 0;
0 0 0 0 0 0 0 0 0 0 0 0 0 0 0 0;
0 0 0 0 0 0 0 0 0 0 0 0 0 0 0 0;
;
Gate data for all 16 sequences in the pattern;
0 0 0 0 0 0 0 0 0 1 0 0 0 0 0 0;
0 0 0 0 0 0 0 0 0 0 0 0 0 0 0 0;
0 1 0 0 0 0 0 1 0 0 0 0 0 1 0 0;
0 0 0 0 0 0 0 1 0 0 0 0 0 0 0 0;
0 0 0 0 0 0 0 0 0 1 0 0 0 0 0 0;
0 0 0 0 0 0 0 0 1 0 1 0 0 0 0 0;
0 0 0 0 0 0 0 0 0 0 0 0 0 0 0 0;
0 1 1 0 0 0 0 0 0 0 0 0 0 0 1 0;
0 0 1 1 0 0 1 1 0 0 0 0 0 0 0 0;
0 1 0 0 0 0 0 0 0 0 0 0 0 0 0 1;
1 1 0 0 0 0 0 0 0 0 1 0 1 0 0 0;
0 0 0 0 0 0 0 0 0 0 0 0 0 0 0 0;
0 0 0 0 0 1 0 0 0 0 0 0 0 0 0 0;
0 0 1 0 0 0 0 0 0 0 0 0 0 0 0 1;
0 0 0 0 0 0 0 0 1 0 0 0 0 0 0 0;
0 0 0 0 0 0 0 0 0 0 0 1 0 0 0 0;
;
Pitch data for all 16 sequences in the pattern;
0.402207 0.632207 0.620207 0.321207 0.315207 0.337207 0.244207 0.593207
1 0.779207 0.834207 0.0522068 0.554207 0.977207 0.263207 0.247207;
0.435207 0.0322068 1 0.307207 0.756207 1 0.680207 0.0692068 0 0.328207
0.394207 0.516207 0.414207 0.545207 0.510207 0.831207;
0.0592068 0.667207 0.335207 1 0.534207 0 0.122207 0.379207 0.706207
0.761207 0.793207 0.525207 0.301207 0 1 0;
1 0.547207 0.761207 1 0.683207 0.512207 0 0.880207 0.632207 0.0472068
0.636207 0.745207 0.706207 1 0.776207 0.0562068;
0.213207 0.345207 0.224207 1 0.822207 0.458207 0.710207 0.0682068 0.617207
0.336207 1 0.398207 0.751207 0.655207 0.126207 0.544207;
0.192207 0.323207 1 0.0652068 0.722207 0.214207 0.520207 0.591207 0.639207
0.335207 0.277207 0.848207 0.660207 0.00520682 0.210207 0.0182068;
0.106207 0.374207 0.524207 0.867207 0.296207 0.369207 0.599207 1 0.342207
0.485207 0.420207 1 0.771207 0.262207 0.259207 0.706207;
0.246207 0.573207 0.522207 0.669207 0.0492068 0.223207 0.384207 0.764207
0.475207 0.711207 0.250207 0.225207 0.603207 0.124207 0.654207 0.988207
;
1 0.0262068 0.917207 0.243207 0.632207 0.658207 0.866207 0.287207 0.903207
1 0 0.501207 0.267207 0 0.329207 0.278207;
0.448207 0.546207 1 0.982207 0.284207 0.186207 0.185207 0.925207 0.116207
0.619207 0.522207 0.794207 0.462207 0.337207 0.916207 0.726207;
0 1 0.0822068 0.915207 0 0.428207 0.587207 0 0.783207 0 0.327207 0.606207
0.591207 0.739207 0.122207 0.0362068;
0.540207 0.454207 0.552207 0.172207 0.563207 0.669207 0.981207 0.634207
0.610207 0.0592068 0.0252068 0.991207 0.125207 0.961207 0.319207 0.578207
;
0.397207 0.525207 0.260207 0.552207 0.844207 0.785207 0.315207 0.597207
0.00820678 0.189207 0.865207 0.227207 0.684207 0.839207 0.466207 0.311207
;
0 0.548207 1 0.406207 1 0.279207 0.309207 0.419207 0.454207 0.510207
0.207207 0.218207 0.996207 0.352207 0.189207 0.303207;
0.388207 0.354207 0.608207 1 0 0.318207 0.164207 0 0.611207 0.446207
0.553207 0.380207 0.898207 0.148207 1 0.841207;
0.480207 0.519207 0.930207 0.334207 0.281207 0.659207 0.780207 0.839207
0.176207 0.456207 0.0382068 0 0.409207 0.424207 0 0.730207;
;
Retrig data for all 16 sequences in the pattern;
0 0 0 0 0 0 0 0 0 0 0 0 0 0 0 0;
0 0 0 0 0 0 0 0 0 0 0 0 0 0 0 0;
0 0 0 0 0 0 0 0 0 0 0 0 0 0 0 0;
0 0 0 0 0 0 0 0 0 0 0 0 0 0 0 0;
0 0 0 0 0 0 0 0 0 0 0 0 0 0 0 0;
0 0 0 0 0 0 0 0 0 0 0 0 0 0 0 0;
0 0 0 0 0 0 0 0 0 0 0 0 0 0 0 0;
0 0 0 0 0 0 0 0 0 0 0 0 0 0 0 0;
0 0 0 0 0 0 0 0 0 0 0 0 0 0 0 0;
0 0 0 0 0 0 0 0 0 0 0 0 0 0 0 0;
0 0 0 0 0 0 0 0 0 0 0 0 0 0 0 0;
0 0 0 0 0 0 0 0 0 0 0 0 0 0 0 0;
0 0 0 0 0 0 0 0 0 0 0 0 0 0 0 0;
0 0 0 0 0 0 0 0 0 0 0 0 0 0 0 0;
0 0 0 0 0 0 0 0 0 0 0 0 0 0 0 0;
0 0 0 0 0 0 0 0 0 0 0 0 0 0 0 0;
