The Beat Cop save file. Comments are auto generated;
FX / FX Params / Sample Start Positions / Sample Lengths / Sample Volumes
(all others unused);
15 15 15 15 9 13 13 8 8 8 8 8 15 15 15 15;
0 0.413793 0.448276 0.137931 0 0.206897 0.310345 1 0.517241 0.448276
0.517241 0.517241 0.172414 0.655172 0.551724 1;
0.133448 0 0 0 0.0689655 0 0 0 0 0 0 0 0 0 0 0;
0.85 1 1 1 1 1 1 1 1 1 1 1 1 1 1 1;
1 0.689655 1 1 1 1 1 1 1 1 1 1 1 1 1 1;
0 0 0 0 0 0 0 0 0 0 0 0 0 0 0 0;
0 0 0 0 0 0 0 0 0 0 0 0 0 0 0 0;
0 0 0 0 0 0 0 0 0 0 0 0 0 0 0 0;
0 0 0 0 0 0 0 0 0 0 0 0 0 0 0 0;
0 0 0 0 0 0 0 0 0 0 0 0 0 0 0 0;
0 0 0 0 0 0 0 0 0 0 0 0 0 0 0 0;
0 0 0 0 0 0 0 0 0 0 0 0 0 0 0 0;
0 0 0 0 0 0 0 0 0 0 0 0 0 0 0 0;
0 0 0 0 0 0 0 0 0 0 0 0 0 0 0 0;
0 0 0 0 0 0 0 0 0 0 0 0 0 0 0 0;
0 0 0 0 0 0 0 0 0 0 0 0 0 0 0 0;
;
Gate data for all 16 sequences in the pattern;
1 0 1 1 1 1 0 1 1 0 1 1 1 1 1 1;
1 0 0 0 0 0 1 0 0 1 0 0 1 1 0 1;
0 0 0 0 0 0 0 0 0 0 0 0 0 0 0 0;
0 0 0 0 0 0 0 0 0 0 0 0 0 0 0 0;
1 0 0 0 1 0 0 0 1 0 0 0 1 0 0 0;
0 0 0 0 0 0 0 0 0 0 0 0 0 0 0 0;
0 0 0 0 0 0 0 0 0 0 0 0 0 0 0 0;
0 0 1 0 0 0 1 0 0 0 1 0 0 0 1 0;
0 0 0 0 1 0 0 0 0 0 0 0 1 0 0 1;
0 0 0 0 0 0 0 0 0 0 0 0 0 0 0 0;
0 0 0 0 0 0 1 0 0 0 0 0 0 0 1 0;
0 0 0 0 0 0 0 0 0 0 0 0 0 0 0 0;
0 0 0 0 0 0 0 0 0 0 0 0 0 0 0 0;
0 0 0 0 0 0 0 0 0 0 0 0 0 0 0 0;
0 0 0 0 0 0 0 0 0 0 0 0 0 0 0 0;
0 0 0 0 0 0 0 0 0 0 0 0 0 0 0 0;
;
Pitch data for all 16 sequences in the pattern;
0.306897 0.707931 0.413793 0.661034 0.337931 0.772069 0.752069 0.762759
0.612759 0.732759 0.688965 0.573103 0.47 0.607931 0.552069 0.641034
;
0.515862 0.515862 0.515862 0.515862 0.515862 0.515862 0.515862 0.515862
0.515862 0.515862 0.515862 0.515862 0.515862 0.515862 0.515862 0.515862
;
0.515862 0.515862 0.515862 0.515862 0.515862 0.515862 0.515862 0.515862
0.515862 0.515862 0.515862 0.515862 0.515862 0.515862 0.515862 0.515862
;
0.515862 0.515862 0.515862 0.515862 0.515862 0.515862 0.515862 0.515862
0.515862 0.515862 0.515862 0.515862 0.515862 0.515862 0.515862 0.515862
;
0 0.515862 0.515862 0.515862 0 0.515862 0.515862 0.515862 0 0.515862
0.515862 0.515862 0 0.515862 0.515862 0.515862;
0.515862 0.515862 0.515862 0.515862 0.515862 0.515862 0.515862 0.515862
0.515862 0.515862 0.515862 0.515862 0.515862 0.515862 0.515862 0.515862
;
0.515862 0.515862 0.515862 0.515862 0.515862 0.515862 0.515862 0.515862
0.515862 0.515862 0.515862 0.515862 0.515862 0.515862 0.515862 0.515862
;
0.515862 0.515862 1 0.515862 0.515862 0.515862 1 0.515862 0.515862
0.515862 1 0.515862 0.515862 0.515862 1 0.515862;
0.515862 0.515862 0.515862 0.515862 0.515862 0.515862 0.515862 0.515862
0.515862 0.515862 0.515862 0.515862 0.515862 0.515862 0.515862 1;
0.515862 0.515862 0.515862 0.515862 0.515862 0.515862 0.515862 0.515862
0.515862 0.515862 0.515862 0.515862 0.515862 0.515862 0.515862 0.515862
;
0.515862 0.515862 0.515862 0.515862 0.515862 0.515862 0.515862 0.515862
0.515862 0.515862 0.515862 0.515862 0.515862 0.515862 0.515862 0.515862
;
0.515862 0.515862 0.515862 0.515862 0.515862 0.515862 0.515862 0.515862
0.515862 0.515862 0.515862 0.515862 0.515862 0.515862 0.515862 0.515862
;
0.515862 0.515862 0.515862 0.515862 0.515862 0.515862 0.515862 0.515862
0.515862 0.515862 0.515862 0.515862 0.515862 0.515862 0.515862 0.515862
;
0.515862 0.515862 0.515862 0.515862 0.515862 0.515862 0.515862 0.515862
0.515862 0.515862 0.515862 0.515862 0.515862 0.515862 0.515862 0.515862
;
0.515862 0.515862 0.515862 0.515862 0.515862 0.515862 0.515862 0.515862
0.515862 0.515862 0.515862 0.515862 0.515862 0.515862 0.515862 0.515862
;
0.515862 0.515862 0.515862 0.515862 0.515862 0.515862 0.515862 0.515862
0.515862 0.515862 0.515862 0.515862 0.515862 0.515862 0.515862 0.515862
;
;
Retrig data for all 16 sequences in the pattern;
0 0 0 0 0 0 0 0 0 0 0 0 0 0 0 0;
0 0 0 0 0 0 0 0 0 0 0 0 0 0 0 0;
0 0 0 0 0 0 0 0 0 0 0 0 0 0 0 0;
0 0 0 0 0 0 0 0 0 0 0 0 0 0 0 0;
0 0 0 0 0 0 0 0 0 0 0 0 0 0 0 0;
0 0 0 0 0 0 0 0 0 0 0 0 0 0 0 0;
0 0 0 0 0 0 0 0 0 0 0 0 0 0 0 0;
0 0 0 0 0 0 0 0 0 0 0 0 0 0 0 0;
0 0 0 0 0 0 0 0 0 0 0 0 0 0 0 0;
0 0 0 0 0 0 0 0 0 0 0 0 0 0 0 0;
0 0 0 0 0 0 0 0 0 0 0 0 0 0 0 0;
0 0 0 0 0 0 0 0 0 0 0 0 0 0 0 0;
0 0 0 0 0 0 0 0 0 0 0 0 0 0 0 0;
0 0 0 0 0.517241 0 0 0 0 0 0 0 0 0 0 0;
0 0 0 0 0 0 0 0 0 0 0 0 0 0 0 0;
0 0 0 0 0 0 0 0 0 0 0 0 0 0 0 0;
