The Beat Cop save file. Comments are auto generated;
FX / FX Params / Sample Start Positions / Sample Lengths / Sample Volumes
(all others unused);
2 2 2 2 15 15 15 15 15 15 15 15 15 15 15 9;
0 0.482759 0.206897 0.517241 0.517241 0.241379 0.275862 0.862069 0.517241
0.482759 0.517241 0.517241 1 0.206897 0.344828 1;
0 0 0 0 0.0689655 0 0.103448 0 0 0 0 0 0 0 0 0;
1 1 1 1 0.0689655 1 1 1 1 1 1 1 1 1 1 1;
0 0 1 1 1 1 1 1 1 1 1 1 1 1 1 1;
0 0 0 0 0 0 0 0 0.515862 0.515862 0.515862 0.515862 0.515862 0.515862
0.515862 0.515862;
0 0 0 0 0 0 0 0 0 0 0 0 0 0 0 0;
0 0 0 0 0 0 0 0 0 0 0 0 0 0 0 0;
0 0 0 0 0 0 0 0 0 0 0 0 0 0 0 0;
0 0 0 0 0 0 0 0 0 0 0 0 0 0 0 0;
0 0 0 0 0 0 0 0 0 0 0 0 0 0 0 0;
0 0 0 0 0 0 0 0 0 0 0 0 0 0 0 0;
0 0 0 0 0 0 0 0 0 0 0 0 0 0 0 0;
0 0 0 0 0 0 0 0 0 0 0 0 0 0 0 0;
0 0 0 0 0 0 0 0 0 0 0 0 0 0 0 0;
0 0 0 0 0 0 0 0 0 0 0 0 0 0 0 0;
;
Gate data for all 16 sequences in the pattern;
1 0 0 0 1 0 0 0 1 0 0 0 1 0 0 0;
0 0 0 0 0 0 0 0 0 0 0 0 0 0 0 0;
0 0 0 0 0 0 0 0 0 0 0 0 0 0 0 0;
0 0 0 0 0 0 1 0 0 1 0 0 0 0 0 0;
0 0 0 0 0 1 1 1 1 0 1 1 0 0 0 0;
1 0 1 0 0 1 0 0 0 0 0 0 0 0 0 0;
1 0 0 0 1 0 0 0 1 0 0 0 1 0 0 0;
0 0 0 0 0 0 0 0 0 0 0 0 0 0 0 0;
0 0 0 0 1 0 0 0 0 0 0 0 0 0 0 0;
0 0 0 0 1 1 1 1 1 1 1 0 1 1 0 0;
1 1 1 1 0 0 1 0 0 1 0 0 1 0 0 0;
0 0 0 0 0 0 0 0 0 0 0 0 0 0 0 0;
0 0 0 0 0 0 0 0 0 0 0 0 0 0 0 0;
0 0 0 0 0 0 0 0 0 0 0 0 0 0 0 0;
0 0 0 0 0 0 0 0 0 0 0 0 0 0 0 0;
0 0 0 0 0 0 0 0 0 0 0 0 0 0 0 0;
;
Pitch data for all 16 sequences in the pattern;
0.462759 0.565862 0.338966 0.674828 0.732759 0.684828 0.724828 0.63
0.346897 0.293793 0.382069 0.618966 0.306897 0.307931 0.297931 0.716897
;
0.508931 0.664931 0.521931 0.750931 0.373931 0.353931 0.311931 0.408931
0.602931 0.634931 0.748931 0.364931 0.457931 0.739931 0.549931 0.278931
;
0.285931 0.288931 0.443931 0.505931 0.505931 0.542931 0.359931 0.451931
0.520931 0.675931 0.257931 0.753931 0.552931 0.422931 0.313931 0.270931
;
0.402759 0.465862 0.485862 0.672759 0.637931 0.532759 0 0.52 0.565862
0.561379 0.687931 0.573103 0.471034 0.294828 0.528966 0.563103;
0.732931 0.452931 0.288931 0.730931 0.568931 0.411931 0.272931 0.661931
0.465931 0.585931 0.508931 0.442931 0.379931 0.554931 0.359931 0.289931
;
0.404931 0.311931 0.300931 0.448931 0.385931 0.555931 0.596931 0.704931
0.749931 0.515931 0.535931 0.759931 0.739931 0.660931 0.294931 0.417931
;
0.385931 0.395931 0.741931 0.399931 0.468931 0.598931 0.752931 0.760931
0.694931 0.264931 0.329931 0.665931 0.753931 0.363931 0.594931 0.660931
;
0.384931 0.315931 0.577931 0.416931 0.454931 0.467931 0.406931 0.720931
0.381931 0.586931 0.257931 0.620931 0.428931 0.729931 0.265931 0.503931
;
0.401931 0.488931 0.609931 0.622931 0.270931 0.376931 0.544931 0.763931
0.693931 0.465931 0.459931 0 0.578931 0.541931 0.664931 0.753931;
0.727931 0.588931 0.382931 0.398931 0.649931 0.316931 0.380931 0.327931
0.746931 0.721931 0.335931 0.361931 0.759931 0.416931 0.344931 0.447931
;
0.395931 0.583931 0.760931 0.447931 0.552931 0.567931 0.450931 0.684931
0.459931 0.401931 0.607931 0.458931 0.303931 0.748931 0.727931 0.456931
;
0.274931 0.727931 0.324931 0.730931 0.261931 0.666931 0.548931 0.310931
0.556931 0.388931 0.738931 0.707931 0.377931 0.673931 0.433931 0.395931
;
0.493931 0.536931 0.518931 0.469931 0.346931 0.443931 0.759931 0.540931
0.507931 0.310931 0.482931 0.444931 0.378931 0.646931 0.430931 0.685931
;
0.440931 0.329931 0.501931 0.720931 0.640931 0.532931 0.427931 0.427931
0.583931 0.600931 0.400931 0.321931 0.507931 0.386931 0.433931 0.490931
;
0.308931 0.715931 0.751931 0.769931 0.748931 0.311931 0.731931 0.344931
0.320931 0.435931 0.310931 0.767931 0.739931 0.411931 0.447931 0.295931
;
0.580931 0.534931 0.492931 0.705931 0.564931 0.477931 0.563931 0.437931
0.569931 0.310931 0.320931 0.440931 0.309931 0.504931 0.764931 0.360931
;
;
Retrig data for all 16 sequences in the pattern;
0 0 0 0 0 0 0 0 0 0 0 0 0 0 0 0;
0 0 0 0 0 0 0 0 0 0 0 0 0 0 0 0;
0 0 0 0 0 0 0 0 0 0 0 0 0 0 0 0;
0 0 0 0 0 0 0 0 0 0 0 0 0 0 0 0;
0 0 0 0 0 0 0 0 0 0 0 0 0 0 0 0;
0 0 0 0 0 0 0 0 0 0 0 0 0 0 0 0;
0 0 0 0 0 0 0 0 0 0 0 0 0 0 0 0;
0 0 0 0 0 0 0 0 0 0 0 0 0 0 0 0;
0 0 0 0 0 0 0 0 0 0 0 0 0 0 0 0;
0 0 0 0 0 0 0 0 0 0 0 0 0 0 0 0;
0 0 0 0 0 0 0 0 0 0 0 0 0 0 0 0;
0 0 0 0 0 0 0 0 0 0 0 0 0 0 0 0;
0 0 0 0 0 0 0 0 0 0 0 0 0 0 0 0;
0 0 0 0 0 0 0 0 0 0 0 0 0 0 0 0;
0 0 0 0 0 0 0 0 0 0 0 0 0 0 0 0;
0 0 0 0 0 0 0 0 0 0 0 0 0 0 0 0;
