The Beat Cop save file. Comments are auto generated;
FX / FX Params / Sample Start Positions / Sample Lengths / Sample Volumes
(all others unused);
7 7 7 7 7 7 7 7 7 7 7 7 7 7 7 7;
0 0.482759 0.517241 0.517241 0.517241 0.241379 0.275862 0.689655 0.517241
0.482759 0.517241 0.517241 1 0.206897 0.344828 1;
1 1 0 0 0 0 0 0 0 0 0 0 0 0 0 0;
1 1 1 1 1 1 1 1 1 1 1 1 1 1 1 1;
0.0665517 0.0665517 1 0.28 1 0 0 1 1 1 0.28 1 1 1 1 1;
0 0 0 0 0 0 0 0 0 0 0 0 0 0 0 0;
0 0 0 0 0 0 0 0 0 0 0 0 0 0 0 0;
0 0 0 0 0 0 0 0 0 0 0 0 0 0 0 0;
0 0 0 0 0 0 0 0 0 0 0 0 0 0 0 0;
0 0 0 0 0 0 0 0 0 0 0 0 0 0 0 0;
0 0 0 0 0 0 0 0 0 0 0 0 0 0 0 0;
0 0 0 0 0 0 0 0 0 0 0 0 0 0 0 0;
0 0 0 0 0 0 0 0 0 0 0 0 0 0 0 0;
0 0 0 0 0 0 0 0 0 0 0 0 0 0 0 0;
0 0 0 0 0 0 0 0 0 0 0 0 0 0 0 0;
0 0 0 0 0 0 0 0 0 0 0 0 0 0 0 0;
;
Gate data for all 16 sequences in the pattern;
0 0 0 0 0 0 0 0 0 0 0 0 0 0 0 0;
0 0 0 0 0 0 0 0 0 0 0 0 0 0 0 0;
0 0 0 0 0 0 0 0 0 0 0 0 0 0 0 0;
1 0 0 0 1 0 0 0 1 0 0 0 1 0 0 0;
0 0 0 0 0 0 0 0 0 0 0 0 0 0 0 0;
0 0 0 0 0 0 0 0 0 0 0 0 0 0 0 0;
0 0 0 0 0 0 0 0 0 0 0 0 0 0 0 0;
0 0 0 0 0 0 0 0 0 0 0 0 0 0 0 0;
0 0 0 0 0 0 0 0 0 0 0 0 0 0 0 0;
0 0 0 0 0 0 0 0 0 0 0 0 0 0 0 0;
1 1 1 1 0 1 1 0 0 1 0 1 1 1 1 1;
0 0 0 0 0 0 0 0 0 0 0 0 0 0 0 0;
0 0 0 0 0 0 0 0 0 0 0 0 0 0 0 0;
0 0 0 0 0 0 0 0 0 0 0 0 0 0 0 0;
0 0 0 0 0 0 0 0 0 0 0 0 0 0 0 0;
0 0 0 0 0 0 0 0 0 0 0 0 0 0 0 0;
;
Pitch data for all 16 sequences in the pattern;
0.515862 0.515862 0.515862 0.515862 0.515862 0.515862 0.515862 0.515862
0.515862 0.515862 0.515862 0.515862 0.515862 0.515862 0.515862 0.515862
;
0.515862 0.515862 0.515862 0.515862 0.515862 0.515862 0.515862 0.515862
0.515862 0.515862 0.515862 0.515862 0.515862 0.515862 0.515862 0.515862
;
0.515862 0.515862 0.515862 0.515862 0.515862 0.515862 0.515862 0.515862
0.515862 0.515862 0.515862 0.515862 0.515862 0.515862 0.515862 0.515862
;
0.136552 0.515862 0.515862 0.515862 0.274483 0.515862 0.515862 0.515862
0 0.515862 0.515862 0.515862 0.172414 0.515862 0.515862 0.515862;
0.515862 0.515862 0.515862 0.515862 0.515862 0.515862 0.515862 0.515862
0.515862 0.515862 0.515862 0.515862 0.515862 0.515862 0.515862 0.515862
;
0.515862 0.515862 0.515862 0.515862 0.515862 0.515862 0.515862 0.515862
0.515862 0.515862 0.515862 0.515862 0.515862 0.515862 0.515862 0.515862
;
0.515862 0.515862 0.515862 0.515862 0.515862 0.515862 0.515862 0.515862
0.515862 0.515862 0.515862 0.515862 0.515862 0.515862 0.515862 0.515862
;
0.515862 0.515862 0.515862 0.515862 0.515862 0.515862 0.515862 0.515862
0.515862 0.515862 0.515862 0.515862 0.515862 0.515862 0.515862 0.515862
;
0.515862 0.515862 0.515862 0.515862 0.515862 0.515862 0.515862 0.515862
0.515862 0.515862 0.515862 0.515862 0.515862 0.515862 0.515862 0.515862
;
0.515862 0.515862 0.515862 0.515862 0.515862 0.515862 0.515862 0.515862
0.515862 0.515862 0.515862 0.515862 0.515862 0.515862 0.515862 0.515862
;
0.515862 0.515862 0.515862 0.515862 0.515862 0.515862 0.515862 0.515862
0.515862 0.515862 0.515862 0.515862 0.515862 0.515862 0.515862 0.515862
;
0.515862 0.515862 0.515862 0.515862 0.515862 0.515862 0.515862 0.515862
0.515862 0.515862 0.515862 0.515862 0.515862 0.515862 0.515862 0.515862
;
0.515862 0.515862 0.515862 0.515862 0.515862 0.515862 0.515862 0.515862
0.515862 0.515862 0.515862 0.515862 0.515862 0.515862 0.515862 0.515862
;
0.515862 0.515862 0.515862 0.515862 0.515862 0.515862 0.515862 0.515862
0.515862 0.515862 0.515862 0.515862 0.515862 0.515862 0.515862 0.515862
;
0.515862 0.515862 0.515862 0.515862 0.515862 0.515862 0.515862 0.515862
0.515862 0.515862 0.515862 0.515862 0.515862 0.515862 0.515862 0.515862
;
0.515862 0.515862 0.515862 0.515862 0.515862 0.515862 0.515862 0.515862
0.515862 0.515862 0.515862 0.515862 0.515862 0.515862 0.515862 0.515862
;
;
Retrig data for all 16 sequences in the pattern;
0 0 0 0 0 0 0 0 0 0 0 0 0 0 0 0;
0 0 0 0 0 0 0 0 0 0 0 0 0 0 0 0;
0 0 0 0 0 0 0 0 0 0 0 0 0 0 0 0;
0 0 0 0 0 0 0 0 0 0 0 0 0 0 0 0;
0 0 0 0 0 0 0 0 0 0 0 0 0 0 0 0;
0 0 0 0 0 0 0 0 0 0 0 0 0 0 0 0;
0 0 0 0 0 0 0 0 0 0 0 0 0 0 0 0;
0 0 0 0 0 0 0 0 0 0 0 0 0 0 0 0 ;
0 0 0 0 0 0 0 0 0 0 0 0 0 0 0 0;
0 0 0 0 0 0 0 0 0 0 0 0 0 0 0 0;
0 0 0 0 0 0 0 0 0 0 0 0 0 0 0 0;
0 0 0 0 0 0 0 0 0 0 0 0 0 0 0 0;
0 0 0 0 0 0 0 0 0 0 0 0 0 0 0 0;
0 0 0 0 0 0 0 0 0 0 0 0 0 0 0 0;
0 0 0 0 0 0 0 0 0 0 0 0 0 0 0 0;
0 0 0 0 0 0 0 0 0 0 0 0 0 0 0 0;
