The Beat Cop save file. Comments are auto generated;
FX / FX Params / Sample Start Positions / Sample Lengths / Sample Volumes
(all others unused);
7 7 7 7 7 7 7 7 7 7 7 7 7 7 7 7;
0.275862 0.310345 0.448276 0.689655 0.103448 0.206897 0.310345 0.724138
0.517241 0.275862 0.517241 0.517241 0.172414 0.448276 0.482759 1;
1 1 0 0 0 0 0 0 0 0 0 0 0 0 0 0;
0.206897 1 1 1 1 1 1 1 1 1 1 1 1 1 1 1;
1 1 1 1 1 1 1 1 1 1 1 1 0 0 0 1;
0 0 0 0 0 0 0 0 0 0 0 0 0 0 0 0;
0 0 0 0 0 0 0 0 0 0 0 0 0 0 0 0;
0 0 0 0 0 0 0 0 0 0 0 0 0 0 0 0;
0 0 0 0 0 0 0 0 0 0 0 0 0 0 0 0;
0 0 0 0 0 0 0 0 0 0 0 0 0 0 0 0;
0 0 0 0 0 0 0 0 0 0 0 0 0 0 0 0;
0 0 0 0 0 0 0 0 0 0 0 0 0 0 0 0;
0 0 0 0 0 0 0 0 0 0 0 0 0 0 0 0;
0 0 0 0 0 0 0 0 0 0 0 0 0 0 0 0;
0 0 0 0 0 0 0 0 0 0 0 0 0 0 0 0;
0 0 0 0 0 0 0 0 0 0 0 0 0 0 0 0;
;
Gate data for all 16 sequences in the pattern;
0 0 0 0 0 0 0 0 0 0 0 0 0 0 0 0;
0 0 0 0 0 0 0 0 0 0 0 0 0 0 0 0;
0 0 0 0 0 0 0 0 0 0 0 0 0 1 0 0;
0 0 1 1 0 1 1 1 0 1 1 1 0 1 1 0;
0 0 0 0 0 0 0 0 0 0 0 0 0 0 0 0;
1 0 0 1 0 0 0 0 0 0 0 0 0 0 0 0;
0 0 0 0 0 0 0 0 0 0 0 0 0 0 0 0;
0 1 0 1 0 1 0 1 0 1 0 1 0 1 0 1;
0 0 0 0 1 0 0 0 0 0 0 0 0 0 0 0;
1 0 1 1 1 1 1 1 1 1 1 1 1 0 0 1;
1 0 0 0 1 0 0 0 1 0 0 0 1 0 0 0;
0 0 0 0 0 0 0 0 0 0 0 0 0 0 0 0;
0 0 0 0 0 0 0 0 0 0 0 0 0 0 0 0;
0 0 0 0 0 0 0 0 0 0 0 0 0 0 1 0;
0 0 0 0 0 0 0 1 0 1 0 1 0 0 0 0;
0 0 0 0 0 0 0 0 0 0 0 0 0 0 0 0;
;
Pitch data for all 16 sequences in the pattern;
0.186897 0.623103 0.806897 0.335172 0.806897 0.012069 0.711034 0.586897
0.431034 0.245172 0.468966 0.13 0.762069 0.135862 0.261034 0.382069
;
0.453103 0.0889655 0.17 0.182069 0.0710345 0.341034 0.725172 0.932069
0.586897 0.0110345 0.072069 0.894138 0.292069 0.324138 0.807931 0.693103
;
0.1 0.087931 0.348966 0.114828 0.08 0.442069 0.437931 0.902069 0.951034
0.448966 0.477931 0.607931 0.687931 0.213103 0.264138 0.0848276;
0.647931 0.26 0.0448276 0.828966 0.464138 0.815862 0.158966 0.551035
0.261034 0.918966 0.605862 0.684138 0.357931 0.585862 0.716897 0.894828
;
0.179 0.807 0.519 0.58 0.414 0.523 0.758 0.496 0.818 0.342 0.936 0.099
0.276 0.785 0.821 0.019;
0.336897 0.494138 0.595172 0.188966 0.684138 0.19 0.668966 0.915862
0.485172 0.204138 0.51 0.391034 0.975862 0.716897 0.787931 0.92;
0.328966 0.65 0.658966 0.0389655 0.588966 0.00413793 0.886897 0.553103
0.685862 0.548966 0.934138 0.663103 0.556897 0.848966 0.396897 0.62
;
0.925172 0.51 0.66 0.0741379 0.00896552 0.713103 0.972069 0.712069
0.411034 0.987931 0.374828 0.576897 0.675862 0.524483 0.987931 0.704138
;
0.455172 0.492069 0.11 0.803103 0.384828 0.631034 0.0441379 0.258966
0.21 0.692069 0.564138 0.361034 0.557931 0.404138 0.461034 0.322069
;
0.814828 0.645862 0.0831034 0.294828 0.718966 0.632069 0.785172 0.624828
0.195862 0.395862 0.793103 0.803103 0.986897 0.574828 0.283103 0.183103
;
0.461 0.205 0.214 0.183 0.579 0.154 0.443 0.8 0.044 0.395 0.918 0.253
0.311 0.447 0.479 0.562;
0.412 0.31 0.704 0.662 0.094 0.195 0.825 0.34 0.992 0.549 0.357 0.627
0.438 0.299 0.64 0.292;
0.25 0.663 0.314 0.489 0.953 0.319 0.303 0.361 0.842 0.28 0.088 0.4
0.843 0.976 0.917 0.774;
0.12 0.53 0.366897 0.985172 0.411034 0.65 0.808966 0.543103 0.954828
0.572069 0.656897 0.612069 0.558966 0.883103 0.0258621 0.966897;
0.728 0.739 0.75 0.033 0.284 0.876 0.839 0.128 0.258 0.971 0.166 0.863
0.184 0.99 0.243 0.395;
0.343 0.679 0.912 0.076 0.951 0.246 0.452 0.92 0.238 0.587 0.285 0.317
0.878 0.826 0.407 0.143;
;
Retrig data for all 16 sequences in the pattern;
0 0 0 0 0 0 0 0 0 0 0 0 0 0 0 0;
0 0 0 0 0 0 0 0 0 0 0 0 0 0 0 0;
0 0 0 0 0 0 0 0 0 0 0 0 0 0 0 0;
0 0 0 0 0 0 0 0 0 0 0.344828 0.793103 0 0 0 0;
0 0 0 0 0 0 0 0 0 0 0 0 0 0 0 0;
0 0 0 0 0 0 0 0 0 0 0 0 0 0 0 0;
0 0 0 0 0 0 0 0 0 0 0 0 0 0 0 0;
0 0 0 0 0 0 0 0 0 0 0 0 0 0 0 0;
0 0 0 0 0 0 0 0 0 0 0 0 0 0 0 0;
0 0 0 0 0 0 0 0 0 0 0 0 0 0 0 0;
0 0 0 0 0 0 0 0 0 0 0 0 0 0 0 0;
0 0 0 0 0 0 0 0 0 0 0 0 0 0 0 0;
0 0 0 0 0 0 0 0 0 0 0 0 0 0 0 0;
0 0 0 0 0 0 0 0 0 0 0 0 0 0 0 0;
0 0 0 0 0 0 0 0 0 0 0 0 0 0 0 0;
0 0 0 0 0 0 0 0 0 0 0 0 0 0 0 0;
