The Beat Cop save file. Comments are auto generated;
FX / FX Params / Sample Start Positions / Sample Lengths / Sample Volumes
(all others unused);
15 15 15 15 15 15 15 15 15 15 15 15 15 15 15 15;
0 0.482759 1 0.517241 0.103448 0.103448 0.344828 0.689655 0.137931
0.482759 0.517241 0.517241 0.275862 0.206897 1 1;
0.466667 0.466667 0 0 0.103448 0.275862 0 0 0 0 0 0 0 0.175862 0 0
;
0.0689655 0.241379 1 0.103448 1 1 0.0603448 1 1 1 1 1 1 1 1 1;
1 1 1 1 1 1 1 1 1 1 0.1 1 1 1 1 1;
0 0 0 0 0 0 0 0 0 0 0 0 0 0 0 0;
0 0 0 0 0 0 0 0 0 0 0 0 0 0 0 0;
0 0 0 0 0 0 0 0 0 0 0 0 0 0 0 0;
0 0 0 0 0 0 0 0 0 0 0 0 0 0 0 0;
0 0 0 0 0 0 0 0 0 0 0 0 0 0 0 0;
0 0 0 0 0 0 0 0 0 0 0 0 0 0 0 0;
0 0 0 0 0 0 0 0 0 0 0 0 0 0 0 0;
0 0 0 0 0 0 0 0 0 0 0 0 0 0 0 0;
0 0 0 0 0 0 0 0 0 0 0 0 0 0 0 0;
0 0 0 0 0 0 0 0 0 0 0 0 0 0 0 0;
0 0 0 0 0 0 0 0 0 0 0 0 0 0 0 0;
;
Gate data for all 16 sequences in the pattern;
1 1 0 0 0 0 0 0 1 1 0 0 1 1 0 0;
0 0 0 0 0 0 0 0 0 0 0 0 0 0 0 0;
0 0 0 0 0 0 0 0 0 0 0 0 0 0 0 0;
1 1 0 0 0 0 0 0 0 0 0 0 0 0 0 0;
1 0 0 1 1 0 1 1 1 1 1 0 1 0 1 0;
1 1 1 1 1 0 0 1 1 1 1 0 1 0 0 0;
0 0 1 1 0 0 1 0 0 0 1 0 0 0 1 0;
0 0 0 0 0 0 0 0 0 0 0 0 0 0 0 0;
0 0 0 0 0 0 0 0 0 1 0 1 0 0 0 0;
0 0 0 0 0 0 0 0 0 0 0 0 0 0 0 0;
0 0 0 0 0 0 0 0 0 0 0 0 0 0 0 0;
0 0 0 0 0 0 0 0 0 0 0 0 0 0 0 0;
0 0 0 0 0 0 0 0 0 0 0 0 0 0 0 0;
0 0 1 0 0 0 1 0 0 0 1 0 0 0 1 0;
1 0 0 1 0 1 0 0 1 0 0 1 1 0 0 1;
0 0 0 0 0 0 0 0 0 0 0 0 0 0 0 0;
;
Pitch data for all 16 sequences in the pattern;
1 0.511034 0 0.652759 0.972069 1 0.102759 0 0 0.155862 0.571724 0.841724
0 0 0.578966 0.55069;
0 0.456862 0.457862 1 0.543862 0.244862 0.092862 0 0.891862 1 0.616862
0.032862 0.316862 0.368862 0.444862 0.638862;
0.076862 1 0.827862 0.375862 0.491862 0.169862 0.745862 0.579862 0.121862
0.141862 0.966862 0 0.935862 0.972862 0.014862 0.728862;
0.307862 0.470862 0.356862 0.562862 0.320862 0.733862 0.190862 0.404862
0 0.570862 0.499862 0.528862 1 0.128862 0 0.571862;
0.543241 0.438 0.03 0 0.658241 0 0.715724 0.693241 1 0.973241 0.220241
0 0.292241 0.341241 0.907241 0.088897;
0.46 0 0.024862 0.234862 0.2 0.921862 0.592862 0 0.286 0 0.253862 0.813
0.31 0.235862 0 0.158862;
1 1 0.168931 0.149 0 0.926862 0.913 0.793862 0.372862 0.324862 0.34
0.980862 0 0.568862 1 0.032862;
0.922862 1 0 0.615862 0.874862 0.335862 0 0 0.597862 0.408862 0.404862
0.441862 0.418862 0.217862 0.794862 0;
0.453862 0.863862 1 0.658862 1 0.650862 0.529862 0.410862 0.357862
0.726862 0.403862 1 0.443862 0.185862 0.160862 0.213862;
0.872 0.474862 0.143 1 0.277 1 0.278862 0.311 0.201 0.554 0 0.724 0
0.342862 0.466 0;
0 0.659862 0.506862 0.215862 1 0.643862 0.499862 0.069862 0 0.702862
0.390862 0.558862 0.293862 0.717862 0.579862 0.117862;
1 0.015862 0.919862 0.611862 0.279862 0 0.898862 0.689862 0.505862
0.494862 1 0.768862 1 0 0 0.113862;
0.193862 0.973862 0.519862 0.549862 1 0.429862 0.870862 0.298862 0.687862
0.782862 0.344862 1 0.030862 0.693862 0 0.270862;
0.610862 0.411862 0.972 0.282862 0.118862 1 0.276 0.400862 0.672862
0.948862 0.768 0.530862 0.630862 0.684862 1 0.590862;
0 0.332862 0.926862 0.188862 0.601862 0.537862 1 0.624862 0.086862
0.493862 0 0.712862 1 0.640862 0.637862 0.200862;
0.687862 0.864862 0.362862 0.770862 0.753862 0.799862 0.625862 0.723862
0.685862 1 0.538862 0 0.185862 0.438862 0.046862 1;
;
Retrig data for all 16 sequences in the pattern;
0 0 0 0 0 0 0 0 0 0 0 0 0.37931 0.172414 0 0;
0 0 0 0 0 0 0 0 0 0 0 0 0 0 0 0;
0 0 0 0 0 0 0 0 0 0 0 0 0 0 0 0;
0 0 0 0 0 0 0 0 0 0 0 0 0 0 0 0;
0 0 0 0 0 0 0 0 0 0 0 0 0 0 0 0;
0 0 0 0 0 0 0 0 0 0 0 0 0 0 0 0;
0 0 0 0 0 0 0 0 0 0 0 0 0 0 0 0;
0 0 0 0 0 0 0 0 0 0 0 0 0 0 0 0;
0 0 0 0 0 0 0 0 0 0 0 0 0 0 0 0;
0 0 0 0 0 0 0 0 0 0 0 0 0 0 0 0;
0 0 0 0 0 0 0 0 0 0 0 0 0 0 0 0;
0 0 0 0 0 0 0 0 0 0 0 0 0 0 0 0;
0 0 0 0 0 0 0 0 0 0 0 0 0 0 0 0;
0 0 0 0 0 0 0 0 0 0 0 0 0 0 0 0;
0 0 0 0 0 0 0 0 0 0 0 0 0 0 0 0;
0 0 0 0 0 0 0 0 0 0 0 0 0 0 0 0;
