The Beat Cop save file. Comments are auto generated;
FX / FX Params / Sample Start Positions / Sample Lengths / Sample Volumes
(all others unused);
15 15 15 15 15 15 15 15 15 15 15 15 15 15 15 15;
0.25 0.482759 1 0.517241 0.517241 0.241379 0.275862 0.689655 0.517241
0.482759 0.517241 0.517241 0.25 0.206897 0.344828 1;
0 0 0 0 0 0 0 0 0 0 0 0 0 0 0 0;
1 1 1 1 1 1 1 1 1 1 1 1 1 1 1 1;
1 1 1 1 1 1 1 1 0.103448 1 1 1 1 1 1 1;
0.417241 0.889655 0.480345 0 0.141724 0.401724 0.26 0.574828 0.37 0.551724
1 0.519655 0.598276 0.803103 0.818965 0.252069;
0 0 0 0 0 0 0 0 0 0 0 0 0 0 0 0;
0 0 0 0 0 0 0 0 0 0 0 0 0 0 0 0;
0 0 0 0 0 0 0 0 0 0 0 0 0 0 0 0;
0 0 0 0 0 0 0 0 0 0 0 0 0 0 0 0;
0 0 0 0 0 0 0 0 0 0 0 0 0 0 0 0;
0 0 0 0 0 0 0 0 0 0 0 0 0 0 0 0;
0 0 0 0 0 0 0 0 0 0 0 0 0 0 0 0;
0 0 0 0 0 0 0 0 0 0 0 0 0 0 0 0;
0 0 0 0 0 0 0 0 0 0 0 0 0 0 0 0;
0 0 0 0 0 0 0 0 0 0 0 0 0 0 0 0;
;
Gate data for all 16 sequences in the pattern;
0 0 0 0 1 0 0 0 0 0 0 0 0 0 0 0;
0 1 0 1 0 0 0 0 1 1 0 0 0 0 0 0;
0 0 0 0 0 0 0 0 1 0 0 0 0 0 0 0;
1 1 0 0 0 0 0 1 0 0 0 1 1 0 0 0;
0 0 1 0 0 0 0 0 0 0 0 1 1 0 0 1;
0 0 0 1 0 0 0 1 0 0 0 0 0 1 0 0;
0 0 0 0 0 0 0 0 0 1 0 0 1 0 1 0;
0 0 1 0 0 0 0 0 0 0 0 0 0 0 0 0;
1 0 0 0 0 1 1 0 0 0 1 0 0 0 0 1;
0 1 0 1 0 1 0 0 0 0 0 0 0 0 0 0;
0 1 0 0 1 1 0 0 0 0 0 1 0 0 0 0;
0 0 1 0 0 1 1 0 0 0 0 0 0 0 1 1;
0 0 1 0 0 0 1 0 0 0 0 0 0 0 0 0;
0 0 0 0 0 1 0 0 0 1 0 0 1 1 0 0;
1 0 0 0 0 0 0 0 1 1 1 0 0 1 1 0;
1 0 0 0 1 0 1 1 1 0 0 0 1 0 0 0;
;
Pitch data for all 16 sequences in the pattern;
0.413862 0.614862 0.172862 0.825862 0.938862 0.845862 0.923862 0.739862
0.187862 0.084862 0.255862 0.717862 0.112862 0.112862 0.093862 0.906862
;
0.504862 0.806862 0.529862 0.973862 0.241862 0.202862 0.121862 0.309862
0.686862 0.748862 0.970862 0.224862 0.405862 0.952862 0.582862 0.057862
;
0.070862 0.076862 0.377862 0.497862 0.497862 0.568862 0.213862 0.393862
0.526862 0.828862 0.015862 0.979862 0.588862 0.335862 0.125862 0.040862
;
0.297862 0.419862 0.458862 0.821862 0.753862 0.550862 0.300862 0.524862
0.614862 0.537862 0.851862 0.627862 0.429862 0.086862 0.541862 0.608862
;
0.937862 0.394862 0.076862 0.934862 0.619862 0.315862 0.044862 0.801862
0.419862 0.653862 0.503862 0.375862 0.253862 0.591862 0.214862 0.077862
;
0.301862 0.121862 0.099862 0.386862 0.265862 0.593862 0.674862 0.883862
0.971862 0.516862 0.555862 0.991862 0.952862 0.799862 0.088862 0.326862
;
0.263862 0.284862 0.955862 0.291862 0.426862 0.677862 0.977862 0.993862
0.865862 0.029862 0.155862 0.808862 0.979862 0.221862 0.670862 0.797862
;
0.262862 0.129862 0.637862 0.324862 0.398862 0.423862 0.306862 0.915862
0.255862 0.654862 0.015862 0.720862 0.348862 0.931862 0.032862 0.492862
;
0.296862 0.463862 0.698862 0.723862 0.041862 0.247862 0.572862 0.998862
0.862862 0.420862 0.407862 0.183862 0.638862 0.566862 0.805862 0.979862
;
0.928862 0.659862 0.257862 0.289862 0.776862 0.131862 0.254862 0.150862
0.964862 0.916862 0.168862 0.218862 0.989862 0.325862 0.185862 0.385862
;
0.283862 0.649862 0.992862 0.384862 0.588862 0.617862 0.390862 0.845862
0.407862 0.295862 0.695862 0.405862 0.105862 0.969862 0.929862 0.402862
;
0.048862 0.929862 0.146862 0.934862 0.022862 0.809862 0.581862 0.118862
0.596862 0.270862 0.949862 0.890862 0.249862 0.822862 0.357862 0.284862
;
0.473862 0.557862 0.523862 0.428862 0.189862 0.377862 0.991862 0.564862
0.500862 0.119862 0.453862 0.378862 0.251862 0.771862 0.351862 0.846862
;
0.370862 0.155862 0.489862 0.915862 0.760862 0.549862 0.346862 0.346862
0.649862 0.682862 0.293862 0.139862 0.501862 0.265862 0.358862 0.467862
;
0.114862 0.905862 0.974862 1 0.968862 0.120862 0.935862 0.184862 0.138862
0.360862 0.118862 1 0.951862 0.315862 0.384862 0.089862;
0.642862 0.554862 0.471862 0.886862 0.611862 0.443862 0.610862 0.365862
0.621862 0.119862 0.137862 0.371862 0.117862 0.495862 0.999862 0.215862
;
;
Retrig data for all 16 sequences in the pattern;
0 0 0 0 0 0 0 0 0 0 0 0 0 0 0 0;
0 0 0 0 0 0 0 0 0 0 0 0 0 0 0 0;
0 0 0 0 0 0 0 0 0 0 0 0 0 0 0 0;
0 0 0 0 0 0 0 0 0 0 0 0 0 0 0 0;
0 0 0 0 0 0 0 0 0 0 0 0 0 0 0 0;
0 0 0 0 0 0 0 0 0 0 0 0 0 0 0 0;
0 0 0 0 0 0 0 0 0 0 0 0 0 0 0 0;
0 0 0 0 0 0 0 0 0 0 0 0 0 0 0 0;
0 0 0 0 0 0 0 0 0 0 0 0 0 0 0 0;
0 0 0 0 0 0 0 0 0 0 0 0 0 0 0 0;
0 0 0 0 0 0 0 0 0 0 0 0 0 0 0 0;
0 0 0 0 0 0 0 0 0 0 0 0 0 0 0 0;
0 0 0 0 0 0 0 0 0 0 0 0 0 0 0 0;
0 0 0 0 0 0 0 0 0 0 0 0 0 0 0 0;
0 0 0 0 0 0 0 0 0 0 0 0 0 0 0 0;
0 0 0 0 0 0 0 0 0 0 0 0 0 0 0 0;
