The Beat Cop save file. Comments are auto generated;
FX / FX Params / Sample Start Positions / Sample Lengths / Sample Volumes
(all others unused);
15 15 15 15 15 15 15 15 15 15 15 15 15 15 15 15;
0.318966 0.482759 1 0.517241 0.517241 0.0344828 0.275862 0.689655 0.827586
0.482759 0.517241 0.517241 0.25 0.206897 0.344828 1;
0 0 0 0 0 0 0 0 0 0 0 0 0 0 0 0;
1 1 1 1 1 1 1 1 0.0689655 1 1 1 1 1 1 1;
1 1 1 1 1 1 1 1 0.862069 1 1 1 1 1 1 1;
0 0 0 0 0 0 0 0 0.515862 0 1 0.515862 0.515862 0.515862 0.515862 0.515862
;
0 0 0 0 0 0 0 0 0 0 0 0 0 0 0 0;
0 0 0 0 0 0 0 0 0 0 0 0 0 0 0 0;
0 0 0 0 0 0 0 0 0 0 0 0 0 0 0 0;
0 0 0 0 0 0 0 0 0 0 0 0 0 0 0 0;
0 0 0 0 0 0 0 0 0 0 0 0 0 0 0 0;
0 0 0 0 0 0 0 0 0 0 0 0 0 0 0 0;
0 0 0 0 0 0 0 0 0 0 0 0 0 0 0 0;
0 0 0 0 0 0 0 0 0 0 0 0 0 0 0 0;
0 0 0 0 0 0 0 0 0 0 0 0 0 0 0 0;
0 0 0 0 0 0 0 0 0 0 0 0 0 0 0 0;
;
Gate data for all 16 sequences in the pattern;
0 0 0 0 0 0 0 0 1 0 0 0 0 1 0 0;
0 0 0 0 0 1 0 0 0 0 0 0 0 0 0 0;
0 0 1 0 0 0 0 1 0 0 0 0 0 1 0 0;
0 0 0 0 0 0 0 0 0 0 0 0 1 0 1 0;
0 0 1 0 0 0 0 0 0 0 0 0 0 0 0 1;
0 0 0 0 0 1 0 0 0 0 0 0 0 0 0 0;
0 1 0 0 0 0 1 0 0 0 0 0 0 0 0 0;
0 0 0 0 0 0 0 0 0 0 0 0 0 0 0 0;
0 1 0 0 0 0 0 0 0 0 0 0 0 0 0 0;
0 1 0 0 0 1 1 0 0 0 0 0 0 1 0 0;
0 1 0 0 0 0 0 1 0 0 0 0 1 0 0 0;
0 0 0 0 0 0 0 0 1 0 0 0 0 0 0 0;
0 0 0 0 0 0 0 0 0 0 0 0 0 1 0 0;
0 0 0 0 0 0 0 0 0 0 0 1 0 1 0 1;
0 0 0 0 0 0 0 0 0 0 0 0 0 0 0 0;
0 0 0 0 0 0 0 0 0 0 0 0 1 1 0 0;
;
Pitch data for all 16 sequences in the pattern;
0.454862 0.409862 0.0338621 0.282862 0.048862 0.437862 0.784862 0.734862
0.319862 0.485862 0.125862 0.193862 0.076862 0.941862 0.337862 0.912862
;
0.612862 0.342862 0.278862 0.500862 0.200862 0.582862 0.434862 0.703862
1 0.548862 0.416862 0.990862 0.470862 0.353862 0.092862 0.807862;
0.740862 0.787862 0.385862 0.401862 0.551862 0.921862 0.0988621 0.244862
0.0408621 0.959862 0.909862 0.844862 0.501862 0.992862 0.521862 0.0938621
;
0.027862 0.738862 0.096862 0.412862 0.148862 0.059862 0.878862 0.891862
0.315862 0.935862 0.0658621 0.399862 0.935862 0.682862 0.445862 0.522862
;
0.222862 0.754862 0.715862 0.520862 0.601862 0.164862 0.437862 0.742862
0.301862 0.251862 0.907862 0.862862 0.098862 0.810862 0.246862 0.412862
;
0.637862 0.957862 0.109862 0.277862 0.080862 0.965862 1 0.458862 0.032862
0.248862 0.020862 1 0.883862 0.324862 0.870862 0.640862;
0.146862 0.029862 0.708862 0.794862 0.321862 0.756862 0.362862 0.259862
0.100862 0.827862 0.553862 0.153862 0.741862 0.735862 0.824862 0.648862
;
0.188862 0.216862 0.504862 0.748862 0.619862 0.392862 0.868862 0.932862
0.661862 0.453862 0.216862 0.207862 0.688862 0.119862 0.178862 0.439862
;
0.762862 0.326862 0.051862 0.377862 0.833862 0.290862 0.433862 0.823862
0.433862 0.153862 0.283862 0.621862 0.301862 0.111862 0.564862 0.580862
;
0.429862 0.732862 0.466862 0.481862 0.386862 0.431862 0.535862 0.843862
0.699862 0.517862 0.590862 0.415862 0.722862 0.911862 0.178862 0.199862
;
0.316862 0.365862 0.429862 0.423862 0.262862 0.358862 0.212862 0.464862
0.300862 0.697862 0.534862 0.169862 0.653862 0.279862 0.777862 0.987862
;
0.109862 0.721862 0.181862 0.128862 1 0.175862 0.064862 0.720862 0.644862
0.407862 0.076862 0.030862 0.360862 0.540862 0.681862 0.199862;
0.058862 0.860862 0.527862 0.086862 0.729862 0.551862 0.257862 0.210862
0.698862 0.925862 0.739862 0.703862 0.670862 0.581862 0.774862 0.650862
;
0.975862 0.402862 0.834862 0.346862 0.102862 0.715862 0.517862 0.093862
0.994862 0.090862 0.610862 0.458862 0.973862 0.849862 0.499862 0.719862
;
0.235862 0.530862 0.032862 0.521862 0.358862 0.461862 0.131862 0.092862
0.626862 0.304862 0.335862 0.126862 0.224862 0.358862 0.865862 0.347862
;
0.775862 0.990862 0.611862 0.787862 0.296862 0.143862 0.953862 0.491862
0.248862 0.532862 0.127862 0.102862 0.936862 0.680862 0.441862 0.038862
;
;
Retrig data for all 16 sequences in the pattern;
0 0 0 0 0 0 0 0 0 0 0 0 0 0 0 0;
0 0 0 0 0 0 0 0 0 0 0 0 0 0 0 0;
0 0 0 0 0 0 0 0 0 0 0 0 0 0 0 0;
0 0 0 0 0 0 0 0 0 0 0 0 0 0 0 0;
0 0 0 0 0 0 0 0 0 0 0 0 0 0 0 0;
0 0 0 0 0 0 0 0 0 0 0 0 0 0 0 0;
0 0 0 0 0 0 0 0 0 0 0 0 0 0 0 0;
0 0 0 0 0 0 0 0 0 0 0 0 0 0 0 0;
0 0 0 0 0 0 0 0 0 0 0 0 0 0 0 0;
0 0 0 0 0 0 0 0 0 0 0 0 0 0 0 0;
0 0 0 0 0 0 0 0 0 0 0 0 0 0 0 0;
0 0 0 0 0 0 0 0 0 0 0 0 0 0 0 0;
0 0 0 0 0 0 0 0 0 0 0 0 0 0 0 0;
0 0 0 0 0 0 0 0 0 0 0 0 0 0 0 0;
0 0 0 0 0 0 0 0 0 0 0 0 0 0 0 0;
0 0 0 0 0 0 0 0 0 0 0 0 0 0 0 0;
