The Beat Cop save file. Comments are auto generated;
FX / FX Params / Sample Start Positions / Sample Lengths / Sample Volumes
(all others unused);
15 15 15 15 15 15 15 15 15 15 15 15 15 15 15 15;
0.25 0.482759 0.103448 0.517241 0.517241 0.655172 0.275862 0.689655
0.517241 0.482759 0.517241 0.517241 0.25 0.206897 0.344828 1;
0.052069 0 0 0 0.173103 0 0.168966 0 0 0.027931 0.193103 0 0 0.00517241
0.202069 0;
0.979069 1 0.841069 0.749069 0.786069 1 0.903069 1 1 0.801069 1 0.891069
1 0.858069 0.888069 1;
1 1 1 1 1 1 1 1 0 1 1 1 1 1 1 1;
0 0 0 0 0 0 0 0 0.515862 0 1 1 1 0.515862 0.515862 0.515862;
0 0 0 0 0 0 0 0 0 0 0 0 0 0 0 0;
0 0 0 0 0 0 0 0 0 0 0 0 0 0 0 0;
0 0 0 0 0 0 0 0 0 0 0 0 0 0 0 0;
0 0 0 0 0 0 0 0 0 0 0 0 0 0 0 0;
0 0 0 0 0 0 0 0 0 0 0 0 0 0 0 0;
0 0 0 0 0 0 0 0 0 0 0 0 0 0 0 0;
0 0 0 0 0 0 0 0 0 0 0 0 0 0 0 0;
0 0 0 0 0 0 0 0 0 0 0 0 0 0 0 0;
0 0 0 0 0 0 0 0 0 0 0 0 0 0 0 0;
0 0 0 0 0 0 0 0 0 0 0 0 0 0 0 0;
;
Gate data for all 16 sequences in the pattern;
0 0 0 0 0 0 0 0 0 0 0 1 0 0 0 0;
0 0 0 0 0 0 0 0 0 0 1 0 0 0 0 0;
0 1 0 0 1 0 0 0 0 0 0 0 0 1 0 0;
0 0 0 0 0 0 0 0 0 0 0 1 0 0 1 1;
0 0 0 0 0 0 0 0 0 0 0 0 1 0 0 0;
0 0 0 1 0 0 0 1 0 0 0 0 0 0 0 0;
0 0 0 0 1 0 0 0 0 0 1 0 0 0 0 0;
0 0 0 0 0 0 0 0 0 0 0 0 0 0 0 1;
1 0 0 1 0 0 0 0 0 0 0 1 0 1 0 0;
0 0 0 1 1 0 1 0 0 0 0 0 1 0 0 0;
0 0 0 0 0 0 0 0 0 0 0 0 0 0 0 0;
0 0 0 1 0 0 0 0 0 0 0 0 0 0 0 0;
0 0 0 0 0 0 0 0 0 0 0 0 0 0 0 0;
0 0 0 0 0 0 0 0 0 0 0 0 1 0 0 0;
0 0 0 0 0 0 0 0 1 0 0 0 0 0 0 0;
0 0 0 0 0 0 0 0 0 0 0 0 1 0 0 0;
;
Pitch data for all 16 sequences in the pattern;
0.462759 0.565862 0.338966 0.674828 0.732759 0.684828 0.724828 0.63
0.346897 0.293793 0.382069 0.618966 0.306897 0.307931 0.297931 0.716897
;
0.508931 0.664931 0.521931 0.750931 0.373931 0.353931 0.311931 0.408931
0.602931 0.634931 0.748931 0.364931 0.457931 0.739931 0.549931 0.278931
;
0.285931 0.288931 0.443931 0.505931 0.505931 0.542931 0.359931 0.451931
0.520931 0.675931 0.257931 0.753931 0.552931 0.422931 0.313931 0.270931
;
0.402931 0.465931 0.485931 0.672931 0.637931 0.532931 0.403931 0.519931
0.565931 0.526931 0.687931 0.572931 0.470931 0.294931 0.528931 0.562931
;
0.732931 0.452931 0.288931 0.730931 0.568931 0.411931 0.272931 0.661931
0.465931 0.585931 0.508931 0.442931 0.379931 0.554931 0.359931 0.289931
;
0.404931 0.311931 0.300931 0.448931 0.385931 0.555931 0.596931 0.704931
0.749931 0.515931 0.535931 0.759931 0.739931 0.660931 0.294931 0.417931
;
0.385931 0.395931 0.741931 0.399931 0.468931 0.598931 0.752931 0.760931
0.694931 0.264931 0.329931 0.665931 0.753931 0.363931 0.594931 0.660931
;
0.384931 0.315931 0.577931 0.416931 0.454931 0.467931 0.406931 0.720931
0.381931 0.586931 0.257931 0.620931 0.428931 0.729931 0.265931 0.503931
;
0.401931 0.488931 0.609931 0.622931 0.270931 0.376931 0.544931 0.763931
0.693931 0.465931 0.459931 0.343931 0.578931 0.541931 0.664931 0.753931
;
0.727931 0.588931 0.382931 0.398931 0.649931 0.316931 0.380931 0.327931
0.746931 0.721931 0.335931 0.361931 0.759931 0.416931 0.344931 0.447931
;
0.395931 0.583931 0.760931 0.447931 0.552931 0.567931 0.450931 0.684931
0.459931 0.401931 0.607931 0.458931 0.303931 0.748931 0.727931 0.456931
;
0.274931 0.727931 0.324931 0.730931 0.261931 0.666931 0.548931 0.310931
0.556931 0.388931 0.738931 0.707931 0.377931 0.673931 0.433931 0.395931
;
0.493931 0.536931 0.518931 0.469931 0.346931 0.443931 0.759931 0.540931
0.507931 0.310931 0.482931 0.444931 0.378931 0.646931 0.430931 0.685931
;
0.440931 0.329931 0.501931 0.720931 0.640931 0.532931 0.427931 0.427931
0.583931 0.600931 0.400931 0.321931 0.507931 0.386931 0.433931 0.490931
;
0.308931 0.715931 0.751931 0.769931 0.748931 0.311931 0.731931 0.344931
0.320931 0.435931 0.310931 0.767931 0.739931 0.411931 0.447931 0.295931
;
0.580931 0.534931 0.492931 0.705931 0.564931 0.477931 0.563931 0.437931
0.569931 0.310931 0.320931 0.440931 0.309931 0.504931 0.764931 0.360931
;
;
Retrig data for all 16 sequences in the pattern;
0.17 0.223 0 0 0.32 0.206 0 0 0.413 0 0.37 0 0.324 0.467 0.145 0.18
;
0.21 0.112 0 0.366 0 0 0 0.083 0.048 0 0.152 0 0.361 0.083 0.005 0
;
0 0 0 0.079 0.26 0.313 0.434 0 0.417 0 0 0 0.134 0 0.403 0;
0.37 0 0.295 0 0 0 0 0 0 0.047 0 0 0.223 0 0.101 0.139;
0 0.162 0.041 0 0 0.445 0 0.08 0 0 0 0.388 0 0.404 0.421 0.333;
0.471 0 0.048 0.042 0 0 0 0 0.465 0.083 0.056 0 0.492 0 0.252 0.133
;
0.047 0 0 0.319 0 0.223 0.378 0.033 0.119 0.138 0.206 0 0 0.408 0.041
0;
0 0.128 0 0 0 0.136 0 0 0.494 0 0.385 0.431 0.072 0 0 0;
0 0 0 0 0 0.272 0.019 0 0 0 0 0 0.16 0 0.104 0.429;
0 0 0 0.03 0.337 0 0 0.045 0.11 0.258 0.253 0 0 0 0.088 0;
0 0.126 0.442 0 0 0.214 0 0 0 0.011 0 0.454 0 0.35 0.452 0.483;
0.215 0 0 0 0.385 0.426 0.224 0 0.341 0.392 0.127 0 0 0 0.457 0;
0.043 0.321 0.479 0.11 0.106 0 0.099 0.065 0 0.306 0.173 0 0 0.036
0 0;
0 0 0.188 0 0.089 0 0.354 0.011 0.218 0.221 0.475 0 0 0 0.248 0;
0.149 0 0 0 0 0.271 0 0.00199997 0.118 0.17 0.37 0.238 0 0.361 0.37
0;
0 0.278 0 0 0 0 0.49 0 0 0 0 0 0 0 0 0;
