The Beat Cop save file. Comments are auto generated;
FX / FX Params / Sample Start Positions / Sample Lengths / Sample Volumes
(all others unused);
13 13 14 13 14 14 14 14 13 13 13 14 14 14 14 14;
0.25 0.482759 1 0.517241 0.517241 0.241379 0.275862 0.689655 0.517241
0.482759 0.517241 0.517241 0.25 0.103448 0.172414 0.862069;
0 0 0 0 0 0 0 0 0 0 0 0 0 0 0 0;
1 1 1 1 1 1 1 1 1 1 1 1 1 1 1 1;
1 1 0 1 1 1 1 1 1 1 1 1 1 1 1 1;
0 0 0 0 0 0 0 0 0.515862 0 1 0.515862 1 0.515862 0.515862 0.515862
;
0 0 0 0 0 0 0 0 0 0 0 0 0 0 0 0;
0 0 0 0 0 0 0 0 0 0 0 0 0 0 0 0;
0 0 0 0 0 0 0 0 0 0 0 0 0 0 0 0;
0 0 0 0 0 0 0 0 0 0 0 0 0 0 0 0;
0 0 0 0 0 0 0 0 0 0 0 0 0 0 0 0;
0 0 0 0 0 0 0 0 0 0 0 0 0 0 0 0;
0 0 0 0 0 0 0 0 0 0 0 0 0 0 0 0;
0 0 0 0 0 0 0 0 0 0 0 0 0 0 0 0;
0 0 0 0 0 0 0 0 0 0 0 0 0 0 0 0;
0 0 0 0 0 0 0 0 0 0 0 0 0 0 0 0;
;
Gate data for all 16 sequences in the pattern;
0 0 0 0 0 0 0 0 0 0 1 0 0 0 0 0;
0 0 0 0 0 0 0 0 0 0 0 0 0 0 0 0;
0 0 0 0 0 0 0 0 0 0 1 0 0 0 0 0;
0 0 0 0 0 0 0 0 0 1 0 1 0 0 0 1;
0 0 0 0 0 0 0 0 0 1 0 0 0 0 0 0;
0 0 0 0 0 0 0 0 0 0 1 0 0 1 0 0;
0 0 0 0 0 0 0 0 0 0 0 0 0 0 0 0;
0 0 0 0 1 0 0 0 1 0 0 0 0 0 0 0;
0 0 0 1 0 0 0 0 0 0 0 0 0 0 1 0;
0 0 0 0 1 0 0 0 0 0 0 0 0 1 0 0;
0 0 0 0 0 0 0 0 1 0 0 0 1 1 0 0;
0 0 0 1 0 0 0 0 0 0 0 0 0 0 0 0;
0 0 0 0 0 0 0 1 0 0 0 0 0 0 0 0;
0 0 0 0 0 0 0 0 0 0 0 0 0 0 0 0;
1 0 0 1 0 0 0 0 0 0 0 0 0 0 1 0;
1 0 0 0 0 0 0 0 1 0 0 0 0 0 0 0;
;
Pitch data for all 16 sequences in the pattern;
0.816862 0.593862 0.900862 0.221862 0.445862 0.029862 1 0.250862 0.718862
0.452862 0.070862 0.528862 0.244862 0.331862 0.210862 0.450862;
0.907862 0.347862 0.349862 0.076862 0.149862 0.424862 0.577862 0.814862
0.635862 0.124862 0.788862 0.556862 0.092862 0.142862 0.209862 0.394862
;
0.039862 0.190862 0.871862 0.585862 0.904862 0.873862 0.147862 0.200862
0.524862 0.286862 0.482862 0.173862 0.991862 0.602862 0.438862 0.540862
;
0.275862 0.994862 0.084862 0.047862 0.632862 0.856862 0.700862 0.818862
0.165862 0.029862 0.487862 0.898862 0.582862 0.410862 0.593862 0.518862
;
0.24069 0.192759 0.166897 0.326897 0.818965 0.415862 0.775862 0.641724
0.902759 1 0.702759 0.814828 0.07 0.828966 0.93 0.52;
0.250862 0.572862 0.380862 0.703862 0.123862 0.196862 0.701862 0.241862
0.788862 0 0.842862 0.482862 0 0.635862 0.374862 0.049862;
0.667862 0.316862 0.471862 0.599862 0.309862 0.247862 0.461862 0.601862
0.851862 0.068862 0.167862 0.353862 0.350862 0.352862 0.993862 0.168862
;
0.192862 0.920862 0.865862 0.132862 0.397862 0.417862 0.960862 0.497862
0.563862 0.275862 0.025862 0.954862 0.363862 0.793862 0.048862 1;
0.569862 0.277862 0.471862 0.558862 0.502862 0.959862 0.763862 0.111862
0.369862 0.948862 0.311862 0.696862 0.707862 0.515862 0.940862 0.264862
;
0.236862 0.632862 0.282862 0.554862 0.924862 0.730862 0.219862 0.230862
0.426862 0.550862 0.736862 0.475862 0.399862 0.592862 0.740862 0.935862
;
0.192862 0.793862 0.852862 0.357862 0.519862 0.145862 0.243862 0.200862
0.453862 0.109862 0.572862 0.747862 0.015862 0.660862 0.081862 0.588862
;
1 0.131862 0.297862 0.768862 0.711862 0.186862 0.311862 0.932862 0.730862
0.215862 0.654862 0.532862 0.695862 0.919862 0.157862 0.353862;
0.786862 0.581862 0.298862 0.150862 0.483862 0.396862 0.461862 0.897862
0.101862 0.020862 0.383862 0.410862 0.144862 0.128862 0.726862 0.920862
;
0.236862 0.636862 0.097862 0.429862 0.382862 0.879862 0.296862 0.131862
0.973862 0.237862 0.717862 0.528862 0.626862 0.614862 0.108862 0.542862
;
0.599862 0.357862 0.497862 0.092862 0.517862 0.303862 0.978862 0.231862
0.312862 0.146862 0.180862 0.590862 0.970862 0.261862 0.186862 0.037862
;
0.688862 0.363862 0.865862 0.191862 0.560862 0.899862 0.235862 0.357862
0.652862 0.584862 0.859862 0.867862 0.565862 0.520862 0.405862 0.782862
;
;
Retrig data for all 16 sequences in the pattern;
0 0 0 0 0 0 0 0 0 0 0 0 0 0 0 0;
0 0 0 0 0 0 0 0 0 0 0 0 0 0 0 0;
0 0 0 0 0 0 0 0 0 0 0 0 0 0 0 0;
0 0 0 0 0 0 0 0 0 0 0 0 0 0 0 0;
0 0 0 0 0 0 0 0 0 0 0 0 0 0 0 0;
0 0 0 0 0 0 0 0 0 0 0 0 0 0 0 0;
0 0 0 0 0 0 0 0 0 0 0 0 0 0 0 0;
0 0 0 0 0 0 0 0 0 0 0 0 0 0 0 0;
0 0 0 0 0 0 0 0 0 0 0 0 0 0 0 0;
0 0 0 0 0 0 0 0 0 0 0 0 0 0 0 0;
0 0 0 0 0 0 0 0 0 0 0 0 0 0 0 0;
0 0 0 0 0 0 0 0 0 0 0 0 0 0 0 0;
0 0 0 0 0 0 0 0 0 0 0 0 0 0 0 0;
0 0 0 0 0 0 0 0 0 0 0 0 0 0 0 0;
0 0 0 0 0 0 0 0 0 0 0 0 0 0 0 0;
0 0 0 0 0 0 0 0 0 0 0 0 0 0 0 0;
