The Beat Cop save file. Comments are auto generated;
FX / FX Params / Sample Start Positions / Sample Lengths / Sample Volumes
(all others unused);
15 15 15 15 15 15 15 15 15 15 15 15 15 15 15 15;
0.25 0.482759 1 0.517241 0.517241 0.241379 0.275862 0.689655 0.517241
0.482759 0.517241 0.517241 0.25 0.206897 0.344828 1;
0 0 0 0 0 0 0 0 0 0 0 0 0 0 0 0;
1 1 1 1 1 1 1 1 1 1 1 1 1 1 1 1;
1 1 0 0.896552 1 1 1 0.793103 1 1 1 1 0 0 0 1;
0 0 0 0 0 0 0 0 0.515862 0 1 0.515862 0.515862 0.515862 0.515862 0.515862
;
0 0 0 0 0 0 0 0 0 0 0 0 0 0 0 0;
0 0 0 0 0 0 0 0 0 0 0 0 0 0 0 0;
0 0 0 0 0 0 0 0 0 0 0 0 0 0 0 0;
0 0 0 0 0 0 0 0 0 0 0 0 0 0 0 0;
0 0 0 0 0 0 0 0 0 0 0 0 0 0 0 0;
0 0 0 0 0 0 0 0 0 0 0 0 0 0 0 0;
0 0 0 0 0 0 0 0 0 0 0 0 0 0 0 0;
0 0 0 0 0 0 0 0 0 0 0 0 0 0 0 0;
0 0 0 0 0 0 0 0 0 0 0 0 0 0 0 0;
0 0 0 0 0 0 0 0 0 0 0 0 0 0 0 0;
;
Gate data for all 16 sequences in the pattern;
0 0 0 1 0 0 0 0 0 0 0 0 0 0 0 0;
0 0 0 0 0 0 0 0 0 0 0 0 1 0 0 0;
0 0 0 0 0 0 0 0 1 0 0 0 0 0 0 0;
0 0 0 0 0 0 0 0 0 0 0 0 0 0 0 0;
0 0 0 0 1 0 0 0 0 0 0 0 0 0 0 0;
1 0 0 0 0 0 0 1 0 0 0 0 0 0 0 0;
1 0 0 0 0 0 0 0 0 0 0 0 1 0 0 0;
0 0 0 0 0 0 0 0 1 1 0 0 0 0 0 0;
0 0 0 0 0 0 0 0 0 0 1 0 1 0 0 0;
0 0 0 0 0 0 0 1 0 0 0 0 0 0 1 0;
1 0 0 0 0 0 0 0 0 0 0 0 0 0 0 0;
0 0 0 0 1 0 0 0 0 0 0 0 1 0 0 0;
0 0 0 0 0 0 0 0 0 0 0 0 0 0 0 0;
0 0 0 1 0 0 0 0 0 0 0 0 0 1 0 1;
0 0 0 0 1 0 0 0 0 0 0 1 1 0 1 0;
0 0 1 0 0 0 0 1 1 0 0 0 0 0 0 0;
;
Pitch data for all 16 sequences in the pattern;
0.938931 0.687931 0.357931 0.350931 0.210931 0.524931 0.239931 0.660931
0.568931 0.983931 0.429931 0.231931 0.789931 0 0.857931 0.779931;
0.191931 0.294931 0.872931 0.739931 0.243931 0.299931 0.234931 0.702931
0.690931 0.467931 0.078931 0.135931 1 0.834931 0.851931 0.905931;
0.256931 1 0.971931 1 0.318931 0.127931 0.172931 0.316931 0.920931
0.509931 0.984931 0.960931 0.475931 0.526931 0.397931 0.584931;
0.112069 0.924828 0.223793 0.551035 0.733793 0.283793 0.73 0.97 0.354828
0.781034 0.321034 0.318966 0.418966 0.632759 0.23 0.611035;
0.644931 0.467931 0.593931 0.300931 0.148931 0.894931 0.885931 0.884931
0.971931 0.829931 0.658931 0.648931 0.683931 0.095931 0.479931 0.119931
;
0 0.255931 0.840931 0.754931 0.0489309 0.907931 0.472931 0.199931 1
0.059931 0.362931 0.754931 0.361931 0.259931 0.557931 0.581931;
0.235931 0.663931 1 1 0.287931 1 0.662931 0.359931 0.252931 0.210931
0.676931 0.265931 0.394931 0.258931 0.269931 0.806931;
0.212931 0.921931 0.798931 0.679931 1 1 0.477931 0.176931 0.046931
0.846931 0.671931 0.171931 0.578931 0.139931 0.759931 0.969931;
0.163931 0.080931 0.800931 0.749931 0.296931 1 0.791931 0.286931 0.773931
0.895931 0.779931 0.776931 1 0.225931 0 0.554931;
0.662931 0.042931 0.230931 0.688931 0.969931 0.218931 0.301931 0.174931
0.101931 0.625931 0.745931 0.777931 0.266931 0.723931 0.724931 0.409931
;
0.593931 1 0.591931 0.140931 0.246931 0.698931 0.072931 0.694931 0.549931
0.124931 1 0.150931 0.0769309 0.662931 0.204931 0.239931;
0.719931 0.252931 0.239931 0.598931 0.207931 0.051931 0.504931 0.491931
0.487931 0.879931 0.051931 0.783931 0.134931 0 0.406931 0.0809309;
0.630931 1 0.322931 0.923931 0.727931 0.674931 0.306931 0.0949309 0.593931
0.651931 0.138931 0.356931 0 0.747931 0.678931 0.796931;
0.276931 1 0.415931 0.284931 0.565931 0.758931 1 0.883931 0.942931
0.604931 1 0.916931 0.894931 0.696931 1 0.615931;
0.436931 0.785931 0.855931 0.187931 0.814931 0.349931 0.780931 0.546931
0.917931 0.719931 0.361931 0.845931 0.628931 0.689931 0.033931 0.105931
;
0.224828 0 0.377931 1 0.391034 0.368966 0.644828 1 0.237931 0.832069
0.811035 0.382759 0.223793 0.473793 0.552069 0.682069;
;
Retrig data for all 16 sequences in the pattern;
0 0 0 0 0 0 0 0 0 0 0 0 0 0 0 0;
0 0 0 0 0 0 0 0 0 0 0 0 0 0 0 0;
0 0 0 0 0 0 0 0 0 0 0 0 0 0 0 0;
0 0 0 0 0 0 0 0 0 0 0 0 0 0 0 0;
0 0 0 0 0 0 0 0 0 0 0 0 0 0 0 0;
0 0 0 0 0 0 0 0 0 0 0 0 0 0 0 0;
0 0 0 0 0 0 0 0 0 0 0 0 0 0 0 0;
0 0 0 0 0 0 0 0 0 0 0 0 0 0 0 0;
0 0 0 0 0 0 0 0 0 0 0 0 0 0 0 0;
0 0 0 0 0 0 0 0 0 0 0 0 0 0 0 0;
0 0 0 0 0 0 0 0 0 0 0 0 0 0 0 0;
0 0 0 0 0 0 0 0 0 0 0 0 0 0 0 0;
0 0 0 0 0 0 0 0 0 0 0 0 0 0 0 0;
0 0 0 0 0 0 0 0 0 0 0 0 0 0 0 0;
0 0 0 0 0 0 0 0 0 0 0 0 0 0 0 0;
0 0 0 0 0 0 0 0 0 0 0 0 0 0 0 0;
