The Beat Cop save file. Comments are auto generated;
FX / FX Params / Sample Start Positions / Sample Lengths / Sample Volumes
(all others unused);
9 9 0 0 1 1 1 1 9 9 9 9 9 9 9 9;
0.645172 0.37931 0.598276 0.517241 0.517241 0.241379 0.275862 0.689655
0.517241 0.0313793 0.517241 0.517241 0.215517 0.206897 0.344828 1;
0 0 0.417241 0.63 0 0 0 0 0 0 0 0 0 0 0 0;
1 1 0.314828 0.0631034 1 1 1 1 1 1 1 1 1 1 1 0.0710345;
1 1 0.59069 0.771724 1 1 1 1 1 1 0.862069 1 1 1 1 1;
0 0 0 0 0 0 0 0 0.515862 0.515862 0.515862 0.515862 0.515862 0.515862
0.515862 0.515862;
0 0 0 0 0 0 0 0 0 0 0 0 0 0 0 0;
0 0 0 0 0 0 0 0 0 0 0 0 0 0 0 0;
0 0 0 0 0 0 0 0 0 0 0 0 0 0 0 0;
0 0 0 0 0 0 0 0 0 0 0 0 0 0 0 0;
0 0 0 0 0 0 0 0 0 0 0 0 0 0 0 0;
0 0 0 0 0 0 0 0 0 0 0 0 0 0 0 0;
0 0 0 0 0 0 0 0 0 0 0 0 0 0 0 0;
0 0 0 0 0 0 0 0 0 0 0 0 0 0 0 0;
0 0 0 0 0 0 0 0 0 0 0 0 0 0 0 0;
0 0 0 0 0 0 0 0 0 0 0 0 0 0 0 0;
;
Gate data for all 16 sequences in the pattern;
0 0 0 1 0 1 1 1 0 1 0 0 1 1 0 1;
0 0 0 0 1 0 0 0 0 0 0 0 1 0 0 0;
0 0 0 0 1 0 0 0 0 0 0 0 0 0 0 0;
1 0 0 0 0 0 0 0 0 0 0 0 0 1 1 1;
0 0 0 0 0 0 0 0 0 0 0 0 0 0 0 0;
0 0 0 0 0 0 0 0 0 0 0 0 0 0 0 0;
0 0 0 0 0 0 0 0 0 0 0 0 0 0 0 0;
0 0 0 0 0 0 0 0 0 0 0 0 0 0 0 0;
0 0 0 0 0 0 0 0 0 0 0 0 0 0 0 0;
0 0 0 0 0 0 0 0 0 0 0 0 0 0 0 0;
0 0 0 0 0 1 1 1 0 0 0 0 1 1 0 0;
0 0 0 0 0 0 0 0 0 0 0 0 0 0 0 0;
1 0 1 0 1 0 1 0 1 0 0 1 1 0 1 0;
0 0 0 0 0 0 0 0 0 0 0 0 0 0 0 0;
0 0 0 0 0 0 0 0 0 0 0 0 0 0 0 0;
1 0 0 0 0 0 0 0 0 0 0 0 0 0 0 0;
;
Pitch data for all 16 sequences in the pattern;
0.0931034 0.41 0.601379 0.538966 0.386897 0.751034 0.39 0.444828 0.698965
0.275862 0.636897 0.28 0.667931 0.516897 0.598966 0.371034;
0.648931 0.698931 0.752931 0.408931 0.418931 0.724931 0.563931 0.328931
0.490931 0.397931 0.588931 0.672931 0.593931 0.495931 0.368931 0.427931
;
0.622759 0.334828 0.461034 0.506897 0.292759 0.362069 0.321034 0.434828
0.26 0.726897 0.426897 0.317931 0.446897 0.393793 0.492069 0.657931
;
0.711034 0.342069 0.342759 0.472069 0.76 0.696897 0.435862 0.583793
0.0272414 0 0.308966 0.488966 0.297931 0.442759 0.0313793 0;
0.591931 0.297931 0.364931 0.621931 0.396931 0.592931 0.542931 0.633931
0.355931 0.763931 0.568931 0.585931 0.638931 0.650931 0.372931 0.276931
;
0.747931 0.587931 0.262931 0.530931 0.643931 0.747931 0.564931 0.731931
0.553931 0.659931 0.285931 0.295931 0.704931 0.280931 0.428931 0.410931
;
0.405931 0.341931 0.580931 0.577931 0.655931 0.603931 0.714931 0.282931
0.731931 0.739931 0.371931 0.626931 0.535931 0.434931 0.727931 0.709931
;
0.627931 0.520931 0.606931 0.404931 0.392931 0.409931 0.466931 0.528931
0.263931 0.535931 0.486931 0.300931 0.461931 0.442931 0.597931 0.467931
;
0.706931 0.319931 0.432931 0.455931 0.618931 0.701931 0.611931 0.425931
0.356931 0.381931 0.575931 0.391931 0.586931 0.437931 0.686931 0.296931
;
0.738931 0.765931 0.441931 0.433931 0.326931 0.760931 0.687931 0.763931
0.445931 0.389931 0.362931 0.713931 0.274931 0.330931 0.386931 0.587931
;
0.593931 0.601931 0.273931 0.332931 0.347931 0.674931 0.521931 0.562931
0.258931 0.444931 0.374931 0.345931 0.725931 0.320931 0.409931 0.470931
;
0.433931 0.404931 0.376931 0.436931 0.767931 0.302931 0.744931 0.677931
0.325931 0.720931 0.396931 0.712931 0.337931 0.380931 0.726931 0.399931
;
0.708966 0.526897 0.456897 0.29 0.422069 0.312759 0.733793 0.708966
0.436897 0.653793 0.506897 0.44 0.373793 0.26 0.571034 0.601034;
0.562931 0.491931 0.509931 0.326931 0.989069 1 0.966069 1 0.544931
0.668931 0.628931 0.490931 0.752931 0.508931 0.578931 0.613931;
0.664931 0.463931 0.304931 0.405931 0.388931 0.435931 0.505931 0.364931
0.376931 0.734931 0.682931 0.625931 0.494931 0.429931 0.301931 0.574931
;
0.634931 0.370931 0.417931 0.688931 0.331931 0.753931 0.490931 0.636931
0.718931 0.684931 0.289931 0.298931 0.434931 0.636931 0.613931 0.705931
;
;
Retrig data for all 16 sequences in the pattern;
0 0 0 0 0 0 0 0 0 0 0 0 0 0 0 0;
0 0 0 0 0 0 0 0 0 0 0 0 0 0 0 0;
0 0 0 0 0 0 0 0 0 0 0 0 0 0 0 0;
0 0 0 0 0 0 0 0 0 0.37 0 0 0 0.543448 0 0;
0 0 0 0 0 0 0 0 0 0 0 0 0 0 0 0;
0 0 0 0 0 0 0 0 0 0 0 0 0 0 0 0;
0 0 0 0 0 0 0 0 0 0 0 0 0 0 0 0;
0 0 0 0 0 0 0 0 0 0 0 0 0 0 0 0;
0 0 0 0 0 0 0 0 0 0 0 0 0 0 0 0;
0 0 0 0 0 0 0 0 0 0 0 0 0 0 0 0;
0 0 0 0 0 0 0 0 0 0 0 0 0 0 0 0;
0 0 0 0 0 0 0 0 0 0 0 0 0 0 0 0;
0 0 0 0 0 0 0 0 0 0 0 0 0 0 0 0;
0 0 0 0 0 0 0 0 0 0 0 0 0 0 0 0;
0 0 0 0 0 0 0 0 0 0 0 0 0 0 0 0;
0 0 0 0 0 0 0 0 0 0 0 0 0 0 0 0;
