The Beat Cop save file. Comments are auto generated;
FX / FX Params / Sample Start Positions / Sample Lengths / Sample Volumes
(all others unused);
4 4 4 4 4 4 4 4 4 4 4 4 4 4 4 4;
0.25 0.482759 0.517241 0.37931 0.0344828 0.241379 0.275862 0.689655
0.517241 0.482759 0.517241 0.517241 0.25 0.344828 0.344828 1;
0 0 0 0 0 0 0 0 0 0 0 0 0 0 0 0.275862;
1 1 0.551724 1 1 1 1 1 1 1 1 1 1 1 1 1;
1 1 0.758621 1 1 1 1 1 1 1 1 1 1 1 1 1;
0 0 0 0 0 0 0 0 0.515862 0.515862 1 0.515862 0.515862 0.515862 0.515862
0.515862;
0 0 0 0 0 0 0 0 0 0 0 0 0 0 0 0;
0 0 0 0 0 0 0 0 0 0 0 0 0 0 0 0;
0 0 0 0 0 0 0 0 0 0 0 0 0 0 0 0;
0 0 0 0 0 0 0 0 0 0 0 0 0 0 0 0;
0 0 0 0 0 0 0 0 0 0 0 0 0 0 0 0;
0 0 0 0 0 0 0 0 0 0 0 0 0 0 0 0;
0 0 0 0 0 0 0 0 0 0 0 0 0 0 0 0;
0 0 0 0 0 0 0 0 0 0 0 0 0 0 0 0;
0 0 0 0 0 0 0 0 0 0 0 0 0 0 0 0;
0 0 0 0 0 0 0 0 0 0 0 0 0 0 0 0;
;
Gate data for all 16 sequences in the pattern;
1 0 0 0 0 0 1 1 0 1 0 0 0 0 0 0;
0 0 0 0 0 0 0 0 0 0 0 0 0 0 0 0;
0 0 0 0 0 0 1 0 0 1 0 0 0 0 0 0;
0 0 0 0 0 0 0 0 0 0 0 0 0 0 0 0;
0 0 0 0 0 0 0 0 0 0 0 0 0 0 0 0;
1 0 0 0 0 0 0 0 0 0 0 0 0 0 0 0;
0 0 0 0 0 0 0 0 0 0 0 0 0 0 0 0;
0 0 0 0 0 0 0 0 0 0 0 0 0 0 0 0;
0 0 0 0 0 0 0 0 0 0 0 0 0 0 0 0;
0 0 0 0 0 0 0 0 0 0 0 0 0 0 0 0;
0 0 0 0 0 0 0 0 0 0 0 0 0 0 0 0;
0 0 0 0 0 0 0 0 0 0 0 0 0 0 0 0;
1 0 0 0 0 1 0 0 0 0 1 1 1 0 1 0;
0 0 0 0 0 0 0 0 0 0 0 0 0 0 0 0;
0 0 0 0 0 0 0 0 0 0 0 0 0 0 0 0;
1 0 0 0 0 0 1 0 0 1 0 0 0 0 0 0;
;
Pitch data for all 16 sequences in the pattern;
1 0.69069 1 0.957931 0 0.875862 1 0.18069 0.0968966 0.147931 0.686897
0.442759 0.252759 0.503793 0.676897 0.455862;
0.248862 0.445862 0.988862 1 1 0.472862 0.609862 0.076862 0 1 0.446862
1 0.373862 0 0.330862 1;
0 0.170345 0.124138 0.366897 0.457931 0 0 0 1 0.71 0 0.741724 0.00689655
0.944828 0.486897 0.892759;
0.811862 0 0.623862 1 0.620862 0.301862 0.652862 0.299862 1 0.817862
0.665862 0.594862 0.591862 0.929862 1 0.598862;
0.898862 0.980862 0.086862 0.150862 0 1 0.481862 0.130862 0.353862
0.657862 0.879862 0 0.695862 0.640862 0.690862 0.674862;
0 1 0.807931 0 0.376897 0.562759 0.323793 0.966897 0.561724 0 1 1 0.14
0.244828 0.563793 0.734828;
0.885862 0.118862 0.635862 0.051862 0.720862 0.251862 0.836862 0.943862
0.944862 0.471862 0.354862 1 0.345862 0.620862 0.314862 0;
0.041862 0.243862 1 0.822862 0.343862 0.727862 0.368862 0.180862 0.475862
0.451862 1 0 0.649862 0.398862 0.464862 0.162862;
0.021862 0.953862 0.246862 1 0.435862 0.748862 0.350862 0.350862 0.878862
0.693862 0.115862 0.302862 0 0 0.386862 0.381862;
0.762862 0.062862 0.254862 0.341862 0.684862 0.378862 0.097862 0 0.593862
0.512862 0.409862 0 0.543862 0.729862 0.895862 0.425862;
0.332862 0.513862 0.944862 0.594862 0.908862 0.810862 1 0.378862 0.184862
0.351862 1 0.470862 0.640862 0.542862 0.933862 0.360862;
0 0.371862 1 1 1 0.358862 0 0.493862 0.345862 0.774862 0.778862 0.800862
0.717862 0.165862 0.566862 0.378862;
0.848966 0 0.76 0.293793 1 0.465862 0.964828 0.0558621 0 0.473793 0.61069
0.673793 0.34 0.538966 0.983793 0.793793;
0.550862 0.196862 0 0 0.458862 0.695862 0.431862 1 0.760862 1 0.253862
1 0.198862 0.728862 0.502862 0.048862;
0.594862 0 0.717862 0.313862 0.237862 0.739862 0.117862 0.409862 1
0.086862 0.399862 0.939862 0.109862 0 0.563862 0;
0.672862 0.564862 0.555862 0.186862 0.947862 0.414862 0.19431 0.458862
0.865862 0 0.862862 1 1 0.449862 0 0.463862;
;
Retrig data for all 16 sequences in the pattern;
0 0 0 0 0 0 0 0 0 0 0 0 0 0 0 0;
0 0 0 0 0 0 0 0 0 0 0 0 0 0 0 0;
0 0 0 0 0 0 0 0 0 0 0 0 0 0 0 0;
0 0 0 0 0 0 0 0 0 0 0 0 0 0 0 0;
0 0 0 0 0 0 0 0 0 0 0 0 0 0 0 0;
0 0 0 0 0 0 0 0 0 0 0 0 0 0 0 0;
0 0 0 0 0 0 0 0 0 0 0 0 0 0 0 0;
0 0 0 0 0 0 0 0 0 0 0 0 0 0 0 0;
0 0 0 0 0 0 0 0 0 0 0 0 0 0 0 0;
0 0 0 0 0 0 0 0 0 0 0 0 0 0 0 0;
0 0 0 0 0 0 0 0 0 0 0 0 0 0 0 0;
0 0 0 0 0 0 0 0 0 0 0 0 0 0 0 0;
0 0 0 0 0 0 0 0 0 0 0 0 0 0 0 0;
0 0 0 0 0 0 0 0 0 0 0 0 0 0 0 0;
0 0 0 0 0 0 0 0 0 0 0 0 0 0 0 0;
0 0 0 0 0 0 0 0 0 0 0 0 0 0 0 0;
