The Beat Cop save file. Comments are auto generated;
FX / FX Params / Sample Start Positions / Sample Lengths / Sample Volumes
(all others unused);
7 7 7 7 7 7 7 7 7 7 7 7 7 7 7 7;
0.422414 0.482759 0.413793 0.517241 0.517241 0.241379 0.275862 0.689655
0.517241 0.482759 0.517241 0.517241 0.25 0.206897 0.344828 1;
0 0 0.37931 0 0.206897 0 0 0 0 0 0 0 0 0 0 0;
1 1 0.103448 1 0.172414 1 0.0689655 1 1 1 1 1 1 1 1 1;
0.724138 1 0.931035 1 1 1 1 1 1 1 1 1 1 1 1 1;
0 0 0 0 0 0 0 0 0.37 0.448966 1 0.519655 1 0.803103 0.818965 0.252069
;
0 0 0 0 0 0 0 0 0 0 0 0 0 0 0 0;
0 0 0 0 0 0 0 0 0 0 0 0 0 0 0 0;
0 0 0 0 0 0 0 0 0 0 0 0 0 0 0 0;
0 0 0 0 0 0 0 0 0 0 0 0 0 0 0 0;
0 0 0 0 0 0 0 0 0 0 0 0 0 0 0 0;
0 0 0 0 0 0 0 0 0 0 0 0 0 0 0 0;
0 0 0 0 0 0 0 0 0 0 0 0 0 0 0 0;
0 0 0 0 0 0 0 0 0 0 0 0 0 0 0 0;
0 0 0 0 0 0 0 0 0 0 0 0 0 0 0 0;
0 0 0 0 0 0 0 0 0 0 0 0 0 0 0 0;
;
Gate data for all 16 sequences in the pattern;
1 0 1 1 1 0 0 0 1 0 0 0 1 0 1 1;
0 0 0 0 1 0 0 0 0 0 0 0 1 0 0 1;
1 0 1 1 0 0 0 0 0 0 1 0 0 0 0 0;
0 0 0 0 0 0 0 0 0 0 0 0 0 0 0 0;
0 0 0 0 0 0 1 0 0 0 0 0 0 0 0 0;
0 0 0 0 0 0 0 0 0 0 0 0 0 0 0 0;
0 0 1 0 0 0 1 0 0 0 1 0 0 0 1 0;
0 0 0 0 0 0 0 0 0 0 0 0 0 0 0 0;
0 0 0 0 0 0 0 0 0 0 0 0 0 0 0 0;
0 0 0 0 0 0 0 0 0 0 0 0 0 0 1 1;
0 0 0 0 1 0 0 0 0 0 0 0 0 0 0 0;
0 0 0 0 0 0 0 0 0 0 0 0 1 0 0 0;
0 0 1 0 0 0 1 0 0 0 1 0 0 0 1 0;
0 0 1 1 0 1 1 1 0 0 0 0 0 0 0 0;
0 0 0 0 0 0 0 0 0 0 0 0 0 0 0 0;
0 0 0 0 0 0 0 0 0 0 0 0 0 0 0 0;
;
Pitch data for all 16 sequences in the pattern;
0 0.156897 0.584828 0.498276 0.57 0.201724 0.803793 0.0668966 0 0 0
1 1 0 0 0.443793;
0 0.728862 0.445862 1 0.884 0.836862 1 1 0.930862 0.747862 0.829862
0.429862 0 1 0.562862 0;
0 0.865172 1 0.538276 0.548966 0.465862 0 0.0541379 0.805172 0.842759
1 0.572759 1 0.493103 0 0.237586;
0.530862 0.681862 1 0.406862 1 0.547862 1 0.466862 0 0 0.429862 0.494862
1 0.811862 0.376862 0;
0.802 0.319862 0.570862 0.463862 1 0.379862 0.675862 0.928862 0 0.012862
0 0.420862 0.741862 0.215862 0 0.647862;
0.619862 0.111862 0 0.059862 0.900862 0.574862 0.806862 0.518862 0.214862
0.717862 0.096862 0.820862 1 0.676862 0.418862 0.252862;
0.00386199 0 1 0.510862 0.462862 0.325862 0.899862 0.801862 0.106862
0.194862 0.697862 0.511862 1 0.885862 0.392862 0.503862;
0.163862 0.045862 0.149862 1 0 0 0.518862 0.469862 0.319862 0.011862
0.857862 0.433862 0.567862 0 0.714862 0.590862;
0.411862 0.445862 1 0.866862 0.659862 0.879862 1 0.339862 0.671862
0.857862 1 0.653862 0.395862 0.937862 0.575862 0;
1 0.512862 0.470862 0.028862 0.551862 0.690862 1 1 1 0.548862 0.739862
0.361862 0.214862 0.786862 0.267 0.970207;
1 0.687862 1 0.558862 0.685862 0.069862 1 0.569862 0 1 0.720862 0 0.838862
0.398862 0.305862 0.649862;
0.727862 0.537862 0.714862 0.399862 0.502862 0.832862 0 0.186862 0.592862
1 0.771862 0.631862 1 0.087862 0.180862 0.490862;
0 0.752862 0.425862 0.615862 0.567862 0.911 0.057862 0.518862 0.156862
0.728862 0.837862 0.200862 0.395862 0.294862 0 0;
0 0.634 0.393 0.631 0.572862 0.887 1 0.491 0 0.460862 0.980862 0.271862
0.584862 0 1 0.107862;
0.223862 0.668862 0.854862 0.063862 0.333862 0.464862 0.363862 1 1
0.992862 0.393862 0.660862 0.093862 0.655862 0.510862 0;
0.444862 0.375862 0.079862 1 0.790862 0.425862 0.563862 0.835862 0
0 0.392862 0.308862 0.364862 0.314862 0 0.540862;
;
Retrig data for all 16 sequences in the pattern;
0 0 0 0 0 0 0 0 0 0 0 0 0 0 0 0;
0 0 0 0 0 0 0 0 0 0 0 0 0 0 0 0;
0 0.724138 0.793103 0.862069 0 0 0 0 0 0 0 0 0 0 0 0;
0 0 0 0 0 0 0 0 0 0 0 0 0 0 0 0;
0 0 0 0 0 0 0 0 0 0 0 0 0 0 0 0;
0 0 0 0 0 0 0 0 0 0 0 0 0 0 0 0;
0 0 0 0 0 0 0 0 0 0 0 0 0 0 0 0;
0 0 0 0 0 0 0 0 0 0 0 0 0 0 0 0;
0 0 0 0 0 0 0 0 0 0 0 0 0 0 0 0;
0 0 0 0 0 0 0 0 0 0 0 0 0 0 0 0;
0 0 0 0 0 0 0 0 0 0 0 0 0 0 0 0;
0 0 0 0 0 0 0 0 0 0 0 0 0 0 0 0;
0 0 0 0 0 0 0 0 0 0 0 0 0 0 0 0;
0 0 0.37931 0 0 0 0 0 0 0 0 0 0 0 0 0;
0 0 0 0 0 0 0 0 0 0 0 0 0 0 0 0;
0 0 0 0 0 0 0 0 0 0 0 0 0 0 0 0;
