The Beat Cop save file. Comments are auto generated;
FX / FX Params / Sample Start Positions / Sample Lengths / Sample Volumes
(all others unused);
15 15 15 15 2 2 2 2 2 15 15 15 15 15 15 15;
0.25 0.482759 0.206897 0.517241 0.517241 0.241379 0.275862 0.689655
0.517241 0.482759 0.517241 0.517241 0.25 0.206897 0.344828 1;
0 0 0 0.206897 0 0.206897 0 0 0 0 0 0 0 0 0 0;
1 1 1 0.137931 1 1 0.0689655 1 1 1 1 1 1 1 1 1;
1 1 1 1 1 1 1 1 1 1 1 1 1 1 1 1;
0 0 0 0 0 0 0 0 0.515862 1 1 0.515862 0.515862 0.515862 0.515862 0.515862
;
0 0 0 0 0 0 0 0 0 0 0 0 0 0 0 0;
0 0 0 0 0 0 0 0 0 0 0 0 0 0 0 0;
0 0 0 0 0 0 0 0 0 0 0 0 0 0 0 0;
0 0 0 0 0 0 0 0 0 0 0 0 0 0 0 0;
0 0 0 0 0 0 0 0 0 0 0 0 0 0 0 0;
0 0 0 0 0 0 0 0 0 0 0 0 0 0 0 0;
0 0 0 0 0 0 0 0 0 0 0 0 0 0 0 0;
0 0 0 0 0 0 0 0 0 0 0 0 0 0 0 0;
0 0 0 0 0 0 0 0 0 0 0 0 0 0 0 0;
0 0 0 0 0 0 0 0 0 0 0 0 0 0 0 0;
;
Gate data for all 16 sequences in the pattern;
0 0 0 0 0 0 0 0 0 0 0 0 0 0 0 0;
0 0 0 0 0 0 0 0 0 0 0 0 0 0 0 0;
0 0 0 0 0 0 0 0 0 0 0 0 0 0 0 0;
0 0 0 0 0 0 0 0 0 0 0 0 0 0 0 0;
0 0 0 0 0 0 0 0 0 0 0 0 0 0 0 0;
0 0 0 0 1 0 0 0 0 0 0 0 1 0 0 0;
0 0 1 1 1 0 0 0 0 0 0 0 0 0 0 0;
0 0 0 0 0 0 0 0 0 0 0 0 0 0 0 0;
0 0 0 0 0 0 0 0 0 0 0 0 0 0 0 0;
0 0 0 0 0 0 0 0 0 0 0 0 0 0 0 0;
0 0 0 0 0 0 0 1 0 0 1 0 0 0 0 0;
1 1 1 1 1 0 0 0 0 0 1 1 1 1 1 1;
1 0 0 0 1 0 0 0 0 0 1 1 0 1 0 0;
0 0 0 0 0 0 0 0 0 0 0 0 0 0 0 0;
0 0 0 0 0 0 0 0 0 0 0 0 0 0 0 0;
0 0 0 0 0 0 0 0 0 0 0 0 0 0 0 0;
;
Pitch data for all 16 sequences in the pattern;
0.372862 0.919862 0.639862 0.483862 0.350862 0.938862 0.448862 0.492862
0.111862 0.375862 0.610862 0.831862 0.562862 0.749862 0.066862 0.443862
;
0.523862 0.729862 0.502862 0.287862 0.525862 0.128862 0.742862 0.150862
0.724862 0.395862 0.190862 0.912862 0.141862 0.271862 0.870862 0.209862
;
0.196862 0.796862 0.295862 0.288862 0.982862 0.290862 0.650862 0.924862
0.288862 0.572862 0.101862 0.624862 0.502862 0.860862 1 0.971862;
0.454828 0.992759 0.482759 0.482759 0.643793 0.904828 0.145862 0.222759
0.586897 0.997931 0.68 0.488966 0.286897 0.215862 0.178966 0.358966
;
0.921862 0.750862 0.696862 0.642862 0.992862 1 0.769862 0.018862 0.960862
0.322862 0.822862 0.585862 0.695862 0.598862 0.636862 0.561862;
0.784862 0.0658621 0.227862 0.284862 0.0758621 0.220862 0.622862 0.847862
0.316862 0.762862 0.991862 0.558862 0.495862 0.833862 0.201862 0.334862
;
0.793793 0.497931 1 1 1 0.696897 0.367931 0.805862 0.123793 0.0927586
0.21069 0.616897 1 0.306897 0.257931 0.992759;
0.261862 0.165862 0.471862 0.439862 0.443862 0.169862 0.232862 0.552862
0.413862 0.654862 0.063862 0.527862 0.140862 0.967862 0.749862 0.415862
;
0.062862 0.753862 0.480862 0.615862 0.633862 0.932862 1 0.312862 0.777862
0.350862 0.699862 0.623862 0.330862 0.326862 0.183862 0.043862;
0.633862 0.508862 0.549862 0.903862 0.370862 0.842862 0.036862 0.869862
0.374862 0.643862 0.829862 0.798862 0.596862 0.457862 0.632862 0.881862
;
0.974828 0.236897 0.232759 0.542759 0.511724 0.314828 0.241724 0.57069
0.92069 0.561724 0.52 0.51 0.518966 0.998966 0.725862 0.494828;
0.739862 0.262862 0.291862 0.504862 0.390862 0.404862 0.567862 0.043862
0.283862 0.530862 0.511862 0.358862 0 0.282862 0.204862 0.739862;
0.779862 0.663862 0.473862 0.635862 0.259862 0.432862 0.638862 0.608862
0.549862 0.192862 0.725862 0.214345 0.450862 0.666862 0.194862 0.123862
;
0.055862 0.790862 0.951862 0.379862 0.395862 0.726862 0.470862 0.452862
0.881862 0.772862 0.187862 0.864862 0.429862 0.878862 0.646862 0.084862
;
0.724862 0.750862 0.887862 0.049862 0.998862 0.879862 0.756862 0.455862
0.662862 0.711862 0.133862 0.538862 1 0.671862 0.899862 0.711862;
0.600862 0.164862 0.646862 0.698862 0.739862 0.122862 0.221862 0.777862
0.423862 0.848862 0.650862 0.469862 0.553862 0.492862 0.398862 0.381862
;
;
Retrig data for all 16 sequences in the pattern;
0 0 0 0 0 0 0 0 0 0 0 0 0 0 0 0;
0 0 0 0 0 0 0 0 0 0 0 0 0 0 0 0;
0 0 0 0 0 0 0 0 0 0 0 0 0 0 0 0;
0 0 0 0 0 0 0 0 0 0 0 0 0 0 0 0;
0 0 0 0 0 0 0 0 0 0 0 0 0 0 0 0;
0 0 0 0 0 0 0 0 0 0 0 0 0 0 0 0;
0 0 0.482759 0.448276 0 0 0 0 0 0 0 0 0 0 0 0;
0 0 0 0 0 0 0 0 0 0 0 0 0 0 0 0;
0 0 0 0 0 0 0 0 0 0 0 0 0 0 0 0;
0 0 0 0 0 0 0 0 0 0 0 0 0 0 0 0;
0 0 0 0 0 0 0 0 0 0 0 0 0 0 0 0;
0 0 0 0 0 0 0 0 0 0 0 0 0 0 0 0;
0 0 0 0 0 0 0 0 0 0 0 0 0 0 0 0;
0 0 0 0 0 0 0 0 0 0 0 0 0 0 0 0;
0 0 0 0 0 0 0 0 0 0 0 0 0 0 0 0;
0 0 0 0 0 0 0 0 0 0 0 0 0 0 0 0;
