The Beat Cop save file. Comments are auto generated;
FX / FX Params / Sample Start Positions / Sample Lengths / Sample Volumes
(all others unused);
1 1 1 1 3 0 0 13 0 8 12 11 6 6 3 3;
0.607931 0.698276 0 0.574483 0.14931 0.79069 0.45 0.369655 0.714828
0.246207 0.631379 0.903103 1 0.636897 0.925172 1;
0 0 0 0 0.241379 0 0 0 0 0 0 0 0 0 0 0.413793;
0.344828 1 1 1 0.103448 1 1 1 1 1 1 1 1 1 1 1;
1 1 0.931035 1 1 1 1 1 0.689655 1 1 0.689655 1 1 1 1;
0 0 0 0 0 0 0 0 0.515862 0 0.515862 0.515862 1 1 0.515862 0.515862
;
0 0 0 0 0 0 0 0 0 0 0 0 0 0 0 0;
0 0 0 0 0 0 0 0 0 0 0 0 0 0 0 0;
0 0 0 0 0 0 0 0 0 0 0 0 0 0 0 0;
0 0 0 0 0 0 0 0 0 0 0 0 0 0 0 0;
0 0 0 0 0 0 0 0 0 0 0 0 0 0 0 0;
0 0 0 0 0 0 0 0 0 0 0 0 0 0 0 0;
0 0 0 0 0 0 0 0 0 0 0 0 0 0 0 0;
0 0 0 0 0 0 0 0 0 0 0 0 0 0 0 0;
0 0 0 0 0 0 0 0 0 0 0 0 0 0 0 0;
0 0 0 0 0 0 0 0 0 0 0 0 0 0 0 0;
;
Gate data for all 16 sequences in the pattern;
0 0 0 1 0 0 1 0 0 0 0 0 0 0 0 0;
0 0 0 0 0 0 0 0 0 0 0 0 0 0 0 0;
0 0 0 0 0 0 0 0 0 0 0 0 0 0 0 0;
0 0 0 0 0 0 0 0 0 1 0 0 0 0 0 0;
0 0 0 0 0 1 0 0 1 0 0 0 0 1 1 0;
0 0 0 1 0 1 0 0 1 0 0 0 0 0 0 0;
0 0 0 0 0 0 1 0 0 0 0 0 0 0 0 0;
0 0 0 1 0 0 0 0 0 0 0 0 0 0 0 0;
0 0 0 0 0 0 0 0 0 0 0 0 0 0 0 0;
0 0 0 0 0 0 0 1 0 1 0 0 0 0 0 0;
0 0 0 0 0 0 0 1 1 0 0 0 0 0 0 0;
0 0 0 0 0 0 0 0 0 0 1 0 0 0 0 0;
1 1 1 1 0 0 1 0 0 0 0 0 0 0 0 0;
0 0 0 0 0 0 0 0 0 0 0 0 1 0 0 0;
0 0 0 0 0 0 0 0 0 0 0 0 0 0 0 0;
0 0 0 0 0 0 0 0 0 0 0 0 0 0 1 0;
;
Pitch data for all 16 sequences in the pattern;
0.591931 0.297931 0.364931 0.621931 0.396931 0.592931 0.542931 0.633931
0.355931 0.763931 0.568931 0.585931 0.638931 0.650931 0.372931 0.276931
;
0.747931 0.587931 0.262931 0.530931 0.643931 0.747931 0.564931 0.731931
0.553931 0.659931 0.285931 0.295931 0.704931 0.280931 0.428931 0.410931
;
0.405862 0.342069 0.581034 0.577931 0.655862 0.603793 0.714828 0.282759
0.732069 0.74 0.372069 0.626897 0.535862 0.434828 0.727931 0.71;
0.627931 0.520931 0.606931 0.404931 0.392931 0.409931 0.466931 0.528931
0.263931 0.535931 0.486931 0.300931 0.461931 0.442931 0.597931 0.467931
;
0.706931 0.319931 0.432931 0.455931 0.618931 0.701931 0.61331 0.425931
0.701759 0.62331 0.575931 0.598828 0.586931 0.437931 0.686931 0.296931
;
0.738931 0.765931 0.441931 0.433931 0.326931 0.760931 0.687931 0.763931
0.445931 0.389931 0.362931 0.713931 0.274931 0.330931 0.386931 0.587931
;
0.593931 0.601931 0.273931 0.332931 0.347931 0.674931 0.521931 0.562931
0.258931 0.444931 0.374931 0.345931 0.725931 0.320931 0.409931 0.470931
;
0.433931 0.404931 0.376931 0.436931 0.767931 0.302931 0.744931 0.677931
0.325931 0.720931 0.396931 0.712931 0.337931 0.380931 0.726931 0.399931
;
0.193069 0.011069 0 0 0.318483 0 0.218069 0.193069 0 0.138069 0.506931
0.439931 0 0 0.055069 0.085069;
0.613931 0.578931 0.508931 0.752931 0.490931 0.628931 0.668931 0.544931
0.674931 0.481931 0.555931 0.504931 0.326931 0.509931 0.491931 0.562931
;
0.664931 0.463931 0.304931 0.405931 0.388931 0.435931 0.505931 0.364931
0.376931 0.734931 0.682931 0.625931 0.494931 0.429931 0.301931 0.574931
;
0.634931 0.855069 0.417931 0.688931 0.816069 1 0.975069 1 0.718931
0.684931 0.289931 0.298931 0.434931 0.636931 0.613931 0.705931;
0.588966 0.266897 0.684828 0.76 0.312759 0.318966 0.642069 0.574828
0.591034 0.412069 0.612069 0.337931 0.507931 0.493793 0.275862 0.278966
;
0.366931 0.406931 0.714931 0.580931 0.611931 0.727931 0.755931 0.711931
0.715931 0.283931 0.597931 0.302931 0.336931 0.680931 0.479931 0.456931
;
0.609931 0.305931 0.406931 0.402931 0.771931 0.265931 0.401931 0.324931
0.563931 0.441931 0.517931 0.556931 0.348931 0.625931 0.652931 0.629931
;
0.708931 0.283931 0.464931 0.766931 0.621931 0.596931 0.466931 0.526931
0.406931 0.289931 0.414931 0.724931 0.742931 0.558931 0.507931 0.476931
;
;
Retrig data for all 16 sequences in the pattern;
0 0 0 0 0 0 0 0 0 0 0 0 0 0 0 0;
0 0 0.551724 0 0 0 0 0 0 0 0 0 0 0 0 0;
0 0 0 0 0 0 0 0 0 0 0 0 0 0 0 0;
0 0 0 0 0 0 0 0 0 0 0 0 0 0 0 0;
0 0 0 0 0 0 0 0 0 0 0 0 0 0 0 0;
0 0 0 0 0 0 0 0 0 0 0 0 0 0 0 0;
0 0 0 0 0 0 0 0 0 0 0 0 0 0 0 0;
0 0 0 0 0 0 0 0 0 0 0 0 0 0 0 0;
0 0 0 0 0 0 0 0 0 0 0 0 0 0 0 0;
0 0 0 0 0 0 0 0 0 0 0 0 0 0 0 0;
0 0 0 0 0 0 0 0 0 0 0 0 0 0 0 0;
0 0 0 0 0 0 0 0 0 0 0 0 0 0 0 0;
0 0 0 0 0 0 0 0 0 0 0 0 0 0 0 0;
0 0 0 0 0 0 0 0 0 0 0 0 0 0 0 0;
0 0 0 0 0 0 0 0 0 0 0 0 0 0 0 0;
0 0 0 0 0 0 0 0 0 0 0 0 0 0 0 0;
