The Beat Cop save file. Comments are auto generated;
FX / FX Params / Sample Start Positions / Sample Lengths / Sample Volumes
(all others unused);
2 2 0 0 0 0 0 0 0 0 0 0 0 0 2 2;
0.314828 0.482759 0.267586 0.517241 0.517241 0.241379 0.275862 0.689655
0.517241 0.482759 0.517241 0.517241 0.25 0.206897 0.344828 1;
0 0 0 0 0 0 0 0 0 0 0 0 0 0 0 0;
1 1 1 1 1 1 0.0237931 1 1 1 1 1 1 1 1 1;
1 1 1 1 1 1 1 1 1 1 1 1 1 1 1 1;
0 0 0 0 0 0 0 0 0.515862 0.515862 0.515862 0.515862 0.515862 0.515862
0.515862 0.515862;
0 0 0 0 0 0 0 0 0 0 0 0 0 0 0 0;
0 0 0 0 0 0 0 0 0 0 0 0 0 0 0 0;
0 0 0 0 0 0 0 0 0 0 0 0 0 0 0 0;
0 0 0 0 0 0 0 0 0 0 0 0 0 0 0 0;
0 0 0 0 0 0 0 0 0 0 0 0 0 0 0 0;
0 0 0 0 0 0 0 0 0 0 0 0 0 0 0 0;
0 0 0 0 0 0 0 0 0 0 0 0 0 0 0 0;
0 0 0 0 0 0 0 0 0 0 0 0 0 0 0 0;
0 0 0 0 0 0 0 0 0 0 0 0 0 0 0 0;
0 0 0 0 0 0 0 0 0 0 0 0 0 0 0 0;
;
Gate data for all 16 sequences in the pattern;
1 0 0 0 0 0 1 0 0 0 0 0 1 0 0 0;
0 0 0 0 0 0 0 0 0 0 0 0 0 0 0 0;
0 0 0 0 0 0 0 0 0 0 0 0 0 0 0 0;
0 0 0 0 0 0 0 0 0 0 0 0 0 0 0 0;
0 0 0 0 0 0 0 0 0 0 0 0 0 0 0 0;
0 0 0 0 0 0 0 0 0 0 0 0 0 0 0 0;
1 0 0 1 1 0 1 1 0 1 0 1 1 0 0 0;
1 0 0 0 0 0 0 0 0 0 0 0 0 0 0 0;
0 0 0 0 0 0 0 0 0 0 0 0 0 0 0 0;
0 0 0 0 0 0 0 0 0 0 0 0 0 0 0 0;
0 0 0 1 0 0 0 0 0 1 0 1 0 0 0 0;
0 0 0 0 0 0 0 0 0 0 0 0 0 0 0 0;
0 0 1 0 0 0 0 0 0 0 0 0 1 0 0 0;
0 0 0 0 0 0 0 0 0 0 0 0 0 0 0 0;
0 0 0 0 0 0 0 0 0 0 0 0 0 0 0 0;
0 0 0 0 0 0 0 0 0 0 0 0 0 0 0 0;
;
Pitch data for all 16 sequences in the pattern;
0.329069 0.492069 1 0.673207 0.106069 0.583069 0.020069 0.274207 0.275069
0.401897 0.657069 0.221069 0.817069 0.129069 0.590069 0;
0.647069 0.658069 0.996069 0.465069 0.650069 1 0.990069 0.609069 0.685069
0.383069 1 0.353069 0.311069 0.618069 0.509069 0.369069;
0.630069 0.0460689 0.212069 0.113069 1 0.287069 0.431069 0.191069 0.557069
0.279069 0.842069 0.339069 0.583069 0.664069 0.474069 0.469069;
0.796069 0.0390689 0.368069 0.385069 0.265069 0.724069 0.492069 0.489069
0.00506893 0.482069 0.350069 0.803069 1 0.404069 0.229069 0.604069
;
0.471069 0.832069 0.368069 0.343069 0.433069 0.907069 0.651069 0.751069
0.0130689 0.528069 0.615069 0.661069 0.375069 0.845069 0.393069 0.391069
;
0.363069 0.912069 0.499069 0.432069 0.713069 0.280069 0.732069 0.0650689
0.889069 0.816069 0.491069 0.730069 0.269069 0.768069 0.906069 0.316069
;
0.508965 0.661034 0.371034 0.425172 0.94 0.186207 0.406897 0.957931
0.202069 0.56 0.216207 0.121034 0.142069 0.86 1 1;
0.78 0.823103 0.98 0.444138 0.784138 0.78 0.207931 0.136207 0.516207
0.867931 0.385172 0.357241 0.806897 0.611035 0.396897 0.177931;
0.886069 0.429069 0.588069 0.455069 0.787069 0.505069 0.514069 0.321069
0.622069 0.113069 0.398069 0.743069 0.860069 0.899069 0.513069 0.283069
;
0.381069 0.416069 0.380069 0.257069 0.298069 0.225069 0.510069 0.988069
0.700069 0.630069 1 0.421069 0.792069 0.380069 0.680069 0.348069;
0.714069 0.522069 0.357069 0.525069 0.564069 0.636069 0.250069 0.933069
0.255069 0.474069 0.369069 0.432069 0.421069 0.639069 0.547069 0.570069
;
0.0840689 0.330069 0.352069 0.223069 0.103069 0.221069 0.654069 0.852069
0.686069 0.621069 0 0.628069 0.430069 0.524069 0.639069 0.469069;
0.136069 0.806069 0.559069 0.731069 0.352069 0.384069 0.943069 0.247069
0.660069 0.349069 0.368069 0.184069 0.317069 0.784069 0.281069 0;
0.288069 0.692069 0.492069 0.690069 0.536069 0.828069 0.171069 1 0.741069
0.832069 0.971069 0.687069 0.444069 0.460069 0.705069 0.700069;
0.835069 0.119069 0.533069 0.648069 0.226069 0.0660689 0.323069 0.353069
0.820069 0.510069 0.633069 0.476069 0.498069 0.494069 0.405069 0.812069
;
0.877069 0.0830689 0.390069 0.468069 0.385069 0.566069 0.649069 0.297069
0.623069 0.748069 0.203069 0.819069 0.00606892 0.121069 0.798069 0.682069
;
;
Retrig data for all 16 sequences in the pattern;
0 0 0 0 0 0 0 0 0 0 0 0 0 0 0 0;
0 0 0 0 0 0 0 0 0 0 0 0 0 0 0 0;
0 0 0 0 0 0 0 0 0 0 0 0 0 0 0 0;
0 0 0 0 0 0 0 0 0 0 0 0 0 0 0 0;
0 0 0 0 0 0 0 0 0 0 0 0 0 0 0 0;
0 0 0 0 0 0 0 0 0 0 0 0 0 0 0 0;
0 0 0 0 0 0 0 0 0 0 0 0 0 0 0 0;
0 0 0 0 0 0 0 0 0 0 0 0 0 0 0 0;
0 0 0 0 0 0 0 0 0 0 0 0 0 0 0 0;
0 0 0 0 0 0 0 0 0 0 0 0 0 0 0 0;
0 0 0 0 0 0 0 0 0 0 0 0 0 0 0 0;
0 0 0 0 0 0 0 0 0 0 0 0 0 0 0 0;
0 0 0 0 0 0 0 0 0 0 0 0 0 0 0 0;
0 0 0 0 0 0 0 0 0 0 0 0 0 0 0 0;
0 0 0 0 0 0 0 0 0 0 0 0 0 0 0 0;
0 0 0 0 0 0 0 0 0 0 0 0 0 0 0 0;
