The Beat Cop save file. Comments are auto generated;
FX / FX Params / Sample Start Positions / Sample Lengths / Sample Volumes
(all others unused);
6 6 6 6 6 6 6 6 6 6 6 6 6 6 6 6;
0.698276 0.482759 1 0.517241 0.517241 0.241379 0.586207 0.689655 0.517241
0.482759 0.517241 0.517241 0.25 0.206897 0.344828 0.896552;
0 0 0 0 0.241379 0 0 0 0 0 0 0 0 0 0 0.413793;
0.344828 1 1 1 1 1 1 1 1 1 1 1 1 1 1 1;
0.655172 1 0.931035 1 1 1 1 1 0.103448 1 1 0.206897 1 1 1 0;
0 0 0 0 0 0 0 0 0.515862 0.515862 0.515862 0.515862 0.515862 0.515862
0.515862 0.515862;
0 0 0 0 0 0 0 0 0 0 0 0 0 0 0 0;
0 0 0 0 0 0 0 0 0 0 0 0 0 0 0 0;
0 0 0 0 0 0 0 0 0 0 0 0 0 0 0 0;
0 0 0 0 0 0 0 0 0 0 0 0 0 0 0 0;
0 0 0 0 0 0 0 0 0 0 0 0 0 0 0 0;
0 0 0 0 0 0 0 0 0 0 0 0 0 0 0 0;
0 0 0 0 0 0 0 0 0 0 0 0 0 0 0 0;
0 0 0 0 0 0 0 0 0 0 0 0 0 0 0 0;
0 0 0 0 0 0 0 0 0 0 0 0 0 0 0 0;
0 0 0 0 0 0 0 0 0 0 0 0 0 0 0 0;
;
Gate data for all 16 sequences in the pattern;
0 0 0 0 0 0 0 0 1 1 1 0 0 0 0 0;
0 0 0 0 0 0 0 0 0 0 0 0 0 0 0 0;
0 0 0 0 0 0 0 0 0 0 0 0 0 0 0 0;
0 0 0 0 0 0 0 0 0 0 0 0 0 0 0 0;
1 0 1 1 0 1 1 0 1 1 0 1 1 1 1 1;
0 0 0 0 0 0 0 0 0 0 0 0 0 0 0 0;
0 0 0 0 0 0 0 0 0 0 0 0 0 0 0 0;
0 0 0 0 0 0 0 0 0 0 0 0 0 0 0 0;
1 1 1 1 1 1 1 1 1 1 1 1 0 0 0 1;
0 0 0 0 0 0 0 0 0 0 0 0 0 0 0 0;
0 0 0 0 0 0 0 0 0 0 0 0 0 0 0 0;
1 1 0 1 0 0 1 0 0 0 0 0 0 0 0 1;
0 0 0 0 0 0 0 0 0 0 0 0 0 0 0 0;
0 0 0 0 0 0 0 0 0 0 0 0 0 0 0 0;
0 0 0 0 0 0 0 0 0 0 0 0 0 0 0 0;
0 0 0 0 0 0 0 0 1 0 0 0 0 0 0 0;
;
Pitch data for all 16 sequences in the pattern;
0.515862 0.515862 0.515862 0.515862 0.515862 0.515862 0.515862 0.515862
0.515862 0.515862 0.515862 0.515862 0.515862 0.515862 0.515862 0.515862
;
0.515862 0.515862 0.515862 0.515862 0.515862 0.515862 0.515862 0.515862
0.515862 0.515862 0.515862 0.515862 0.515862 0.515862 0.515862 0.515862
;
0.515862 0.515862 0.515862 0.515862 0.515862 0.515862 0.515862 0.515862
0.515862 0.515862 0.515862 0.515862 0.515862 0.515862 0.515862 0.515862
;
0.515862 0.515862 0.515862 0.515862 0.515862 0.515862 0.515862 0.515862
0.515862 0.515862 0.515862 0.515862 0.515862 0.515862 0.515862 0.515862
;
0.517241 0.0344828 0.517241 0.551724 0.515862 0.515862 0.688276 0.515862
0.517241 1 1 0.515862 0.722759 0.515862 0.757241 0.86069;
0.515862 0.515862 0.515862 0.515862 0.515862 0.515862 0.515862 0.515862
0.515862 0.515862 0.515862 0.515862 0.515862 0.515862 0.515862 0.515862
;
0.515862 0.515862 0.515862 0.515862 0.515862 0.515862 0.515862 0.515862
0.515862 0.515862 0.515862 0.515862 0.515862 0.515862 0.515862 0.515862
;
0.515862 0.515862 0.515862 0.515862 0.515862 0.515862 0.515862 0.515862
0.515862 0.515862 0.515862 0.515862 0.515862 0.515862 0.515862 0.515862
;
0 0 0.136552 0.412414 0 0 0 0 0 0 0 0 0.515862 0.515862 0 0;
0.515862 0.515862 0.515862 0.515862 0.515862 0.515862 0.515862 0.515862
0.515862 0.515862 0.515862 0.515862 0.515862 0.515862 0.515862 0.515862
;
0.515862 0.515862 0.515862 0.515862 0.515862 0.515862 0.515862 0.515862
0.515862 0.515862 0.515862 0.515862 0.515862 0.515862 0.515862 0.515862
;
1 1 1 1 0.515862 0.515862 1 0.515862 0.515862 0.515862 0.515862 0.515862
0.515862 0.515862 0.515862 0.515862;
0.515862 0.515862 0.515862 0.515862 0.515862 0.515862 0.515862 0.515862
0.515862 0.515862 0.515862 0.515862 0.515862 0.515862 0.515862 0.515862
;
0.515862 0.515862 0.515862 0.515862 0.515862 0.515862 0.515862 0.515862
0.515862 0.515862 0.515862 0.515862 0.515862 0.515862 0.515862 0.515862
;
0.515862 0.515862 0.515862 0.515862 0.515862 0.515862 0.515862 0.515862
0.515862 0.515862 0.515862 0.515862 0.515862 0.515862 0.515862 0.515862
;
0.515862 0.515862 0.515862 0.515862 0.515862 0.515862 0.515862 0.515862
0.515862 0.515862 0.515862 0.515862 0.515862 0.515862 0.515862 0.515862
;
;
Retrig data for all 16 sequences in the pattern;
0 0 0 0 0 0 0 0 0 0 0 0 0 0 0 0;
0 0 0 0 0 0 0 0 0 0 0.551724 0 0 0 0 0;
0 0 0 0 0 0 0 0 0 0 0 0 0 0 0 0;
0 0 0 0 0 0 0 0 0 0 0 0 0 0 0 0;
0 0 0 0 0 0 0 0 0 0 0 0 0 0 0 0;
0 0 0 0 0 0 0 0 0 0 0 0 0 0 0 0;
0 0 0 0 0 0 0 0 0 0 0 0 0 0 0 0;
0 0 0 0 0 0 0 0 0 0 0 0 0 0 0 0;
0 0 0 0 0 0 0 0 0 0 0 0 0 0 0 0;
0 0 0 0 0 0 0 0 0 0 0 0 0 0 0 0;
0 0 0 0 0 0 0 0 0 0 0 0 0 0 0 0;
0 0 0 0 0 0 0 0 0 0 0 0 0 0 0 0;
0 0 0 0 0 0 0 0 0 0 0 0 0 0 0 0;
0 0 0 0 0 0 0 0 0 0 0 0 0 0 0 0;
0 0 0 0 0 0 0 0 0 0 0 0 0 0 0 0;
0 0 0 0 0 0 0 0 0 0 0 0 0 0 0 0;
