The Beat Cop save file. Comments are auto generated;
FX / FX Params / Sample Start Positions / Sample Lengths / Sample Volumes
(all others unused);
1 1 6 6 6 6 6 6 6 6 6 6 6 0 0 1;
0 0.482759 1 0.517241 0.517241 0.241379 0.37931 0.689655 0.517241 0.482759
0.517241 0.517241 1 0.206897 0.344828 1;
0.2 0.2 0 0 0 0 0 0 0 0 0 0 0 0 0 0;
0.241379 0.0689655 1 1 1 1 0.0689655 1 1 1 1 1 1 1 1 1;
0 1 1 1 1 1 1 1 0.793103 0.655172 1 0 1 1 1 1;
0 0 0 0 0 0 0 0 0 0 0 0 0 0 0 0;
0 0 0 0 0 0 0 0 0 0 0 0 0 0 0 0;
0 0 0 0 0 0 0 0 0 0 0 0 0 0 0 0;
0 0 0 0 0 0 0 0 0 0 0 0 0 0 0 0;
0 0 0 0 0 0 0 0 0 0 0 0 0 0 0 0;
0 0 0 0 0 0 0 0 0 0 0 0 0 0 0 0;
0 0 0 0 0 0 0 0 0 0 0 0 0 0 0 0;
0 0 0 0 0 0 0 0 0 0 0 0 0 0 0 0;
0 0 0 0 0 0 0 0 0 0 0 0 0 0 0 0;
0 0 0 0 0 0 0 0 0 0 0 0 0 0 0 0;
0 0 0 0 0 0 0 0 0 0 0 0 0 0 0 0;
;
Gate data for all 16 sequences in the pattern;
0 0 0 0 1 1 1 0 0 0 0 1 0 0 0 0;
1 1 0 0 0 0 0 0 0 0 0 0 0 1 0 0;
0 0 0 0 0 0 0 0 0 0 0 0 0 0 0 0;
0 0 0 0 0 0 0 0 0 0 0 0 0 0 0 0;
0 0 1 0 0 0 0 0 0 0 0 0 0 0 0 0;
0 0 0 1 0 0 0 0 0 1 0 0 0 1 0 0;
0 0 1 0 0 0 0 0 1 0 0 1 0 0 0 0;
0 0 0 0 0 0 0 0 0 0 0 0 0 0 0 0;
0 1 0 0 0 0 0 0 0 0 1 0 0 1 0 0;
0 0 1 0 0 0 0 0 1 1 0 0 0 0 0 0;
0 0 0 0 0 0 0 0 0 0 0 0 0 0 0 0;
0 0 0 0 0 0 0 0 0 0 0 0 0 1 0 0;
0 0 0 1 0 0 0 0 0 0 0 0 0 0 0 0;
0 0 0 1 0 0 1 0 0 1 0 1 0 0 0 0;
0 0 0 0 0 0 1 1 0 0 0 1 0 0 0 1;
0 0 0 0 1 0 1 0 0 0 0 1 0 0 0 0;
;
Pitch data for all 16 sequences in the pattern;
0.314828 1 0.978966 0 0.296897 0.956897 0.927931 0.218966 0.05 0.60069
0.225862 0.252759 0.91069 0 0.434828 0.598966;
0.214828 1 0.27 0.412759 0.612759 0.0406897 0.125862 0.823793 0.328966
0.29069 0.122759 0.554828 0.172759 0.206897 0.601724 0.84;
0.202862 0.872862 0.767862 0.893862 0.841862 0.548862 0.060862 0.231862
0.816862 0.984862 0.881862 0.365862 0.662862 0.220862 0.795862 0.250862
;
0 1 1 1 1 1 1 1 0.793103 0.655172 1 0 1 1 1 1;
0.744828 0.541724 0.401724 0.222759 0.771724 0.556897 0.588966 0.941724
0.588966 0.536897 1 0.37 0.932759 0.44 0.841724 0.645862;
0.851724 0.385862 0.95069 0.725862 0.244828 0.821724 0.814828 0.617931
0.864828 0.877931 0.961724 0.688965 0.923793 0.847931 0.888965 0.566897
;
0.156897 0.203793 0.534828 0.83069 0.176897 0.0427586 0.0427586 0.361724
0.332759 0.19069 0.611724 0.186897 0.562759 0.526897 0.351724 0.531724
;
0.342759 0.426897 0.265862 0.271724 0.86 1 0.492759 0.766897 0.894828
0.621724 0.157931 0.831724 0.36069 0.985862 0.235862 0.415862;
0.654828 0.0448276 0.82069 0.342759 0.15 0.0668966 0.95069 0.99 0.0158621
0.882759 0.493793 0.64069 0.392759 0.293793 0.104828 0.656897;
0.903793 0.612759 0.436897 0.905862 0.464828 0.134828 0.763793 0.747931
0.722759 0.246897 0.0768965 0.19069 0.294828 0.0827586 0.09 0.253793
;
0.457931 0.248966 0.914828 0.381724 0.782759 0.688965 0.842759 0.323793
0.604828 0.55 0.925862 0.621724 0.266897 0.55 0.88069 0.768966;
0.251862 0.631862 0.618862 0.753862 0.648862 0.766862 0.659862 0.558862
0.814862 0.188862 0.623862 0.637862 0.067862 0.450862 0.731862 0.326862
;
0.781724 1 0.471724 0.568965 0.166897 0.97069 0.248966 0.861724 0.0668966
0.125862 0.313793 0.502759 0.0248276 0.105862 0.457931 0.614828;
0.104828 0.167931 0.963793 0.936897 1 0.463793 0.207931 0.198966 0.638965
0.882759 0.702759 0.0458621 0.0217241 0.398966 0.44 0.883793;
0.842862 0.492862 0.144862 0.528862 0.394862 0.971862 0.695862 0.101862
0.368862 0.546862 0.060862 0.656862 0.508862 0.773862 0.616862 0.944862
;
0.177862 0.906862 0.627862 0.578862 0.126862 0.784862 0.437862 0.664862
0.659862 0.764862 0.217862 0.288862 0.497862 0.237862 0.493862 0.172862
;
;
Retrig data for all 16 sequences in the pattern;
0 0 0 0 0 0 0 0 0 0 0 0 0 0 0 0;
0 0 0 0 0 0 0 0 0 0 0 0 0 0 0 0;
0 0 0 0 0 0 0 0 0 0 0 0 0 0 0 0;
0 0 0 0 0 0 0 0 0 0 0 0 0 0 0 0;
0 0 0 0 0 0 0 0 0 0 0 0 0 0 0 0;
0 0 0 0 0 0 0 0 0 0 0 0 0 0 0 0;
0 0 0 0 0 0 0 0 0 0 0 0 0 0 0 0;
0 0 0 0 0 0 0 0 0 0 0 0 0 0 0 0;
0 0 0 0 0 0 0 0 0 0 0 0 0 0 0 0;
0 0 0 0 0 0 0 0 0 0 0 0 0 0 0 0;
0 0 0 0 0 0 0 0 0 0 0 0 0 0 0 0;
0 0 0 0 0 0 0 0 0 0 0 0 0 0 0 0;
0 0 0 0 0 0 0 0 0 0 0 0 0 0 0 0;
0 0 0 0 0 0 0 0 0 0 0 0 0 0 0 0;
0 0 0 0 0 0 0 0 0 0 0 0 0 0 0 0;
0 0 0 0 0 0 0 0 0 0 0 0 0 0 0 0;
