The Beat Cop save file. Comments are auto generated;
FX / FX Params / Sample Start Positions / Sample Lengths / Sample Volumes
(all others unused);
15 15 15 15 15 15 15 15 15 0 0 0 0 0 15 15;
0 0.482759 1 0.517241 0.103448 0.103448 0.344828 0.689655 0.137931
0.482759 0.517241 0.517241 0.137931 0.206897 1 1;
0.724138 1 0 0 0.103448 0.275862 0 0 0 0 0 0 0 0.175862 0 0;
0.0689655 0.241379 1 0.103448 1 1 0.0603448 1 1 1 1 1 1 1 1 1;
1 1 1 1 1 1 0 1 1 1 1 1 1 1 1 1;
0 0 0 0 0 0 0 0 0 0 0 0 0 0 0 0;
0 0 0 0 0 0 0 0 0 0 0 0 0 0 0 0;
0 0 0 0 0 0 0 0 0 0 0 0 0 0 0 0;
0 0 0 0 0 0 0 0 0 0 0 0 0 0 0 0;
0 0 0 0 0 0 0 0 0 0 0 0 0 0 0 0;
0 0 0 0 0 0 0 0 0 0 0 0 0 0 0 0;
0 0 0 0 0 0 0 0 0 0 0 0 0 0 0 0;
0 0 0 0 0 0 0 0 0 0 0 0 0 0 0 0;
0 0 0 0 0 0 0 0 0 0 0 0 0 0 0 0;
0 0 0 0 0 0 0 0 0 0 0 0 0 0 0 0;
0 0 0 0 0 0 0 0 0 0 0 0 0 0 0 0;
;
Gate data for all 16 sequences in the pattern;
1 1 0 0 1 1 0 0 1 1 0 0 1 1 0 0;
0 0 0 0 0 0 0 0 0 0 0 0 0 0 0 0;
0 0 0 0 0 0 0 0 0 0 0 0 0 0 0 0;
1 1 0 0 0 0 0 0 0 0 0 0 0 0 0 0;
1 0 0 1 1 0 1 1 1 1 1 0 1 0 1 0;
1 1 1 1 1 0 0 1 1 1 1 0 1 0 0 0;
0 0 1 1 0 0 1 0 0 0 1 0 0 0 1 0;
0 0 0 0 0 0 0 0 0 0 0 0 0 0 0 0;
0 0 0 0 0 0 0 0 0 1 0 1 0 0 0 0;
0 0 0 0 0 0 0 0 0 0 0 0 0 0 0 0;
0 0 0 0 0 0 0 0 0 0 0 0 0 0 0 0;
0 0 0 0 0 0 0 0 0 0 0 0 0 0 0 0;
0 0 0 0 0 0 0 0 0 0 0 0 0 0 0 0;
0 0 1 0 0 0 1 0 0 0 1 0 0 0 1 0;
1 0 0 1 0 1 0 0 1 0 0 1 1 0 0 1;
0 0 0 0 0 0 0 0 0 0 0 0 0 0 0 0;
;
Pitch data for all 16 sequences in the pattern;
0.9 0.841724 0 0.135172 0.933793 0.605862 0 0 0.17 0.363793 0.896207
0.757241 0.541724 0.0968966 0.51 1;
0.718862 0.361862 0.435862 0.449862 0.374862 0.858862 0.965862 0.818862
0.036862 0.437862 0.056862 0.065862 0.754862 0.306862 0.637862 0.165862
;
0.574862 0.138862 0.816862 0.661862 0.050862 0.519862 0.067862 0.288862
0.245862 0.543862 0.658862 0.099862 0.576862 0.894862 0.854862 0.015862
;
0.779862 0.292862 0.227862 0.837862 0.131862 0.318862 0.678862 0.188862
0.826862 0.021862 0.286862 0.627862 0.897862 0.810862 0.897862 0.270862
;
0.249897 0.510241 0.098241 0.093241 0.354241 0.550241 0.590241 0.743241
0.375241 0.809724 0 0.982241 0.17631 0.05 0 0.373241;
0.298862 0.030862 0.416862 0 1 0.065862 0.148862 0.216 0.043862 0.263862
0.772862 0 0.413862 0.234862 0.056862 0;
0.048862 1 0.741862 0.097862 0.962862 0.77 0.272862 0.507862 0.553862
1 0.615862 0.304862 0 0.075931 0.873862 0.688862;
0.022862 0.789862 0.188862 0.886862 0.632862 0.190862 0.436862 0.977862
0.184862 0.130862 0.452862 0.750862 0.675862 0.420862 0.922862 0.600862
;
0.343862 0.331862 0.437862 0.831862 1 0.321862 0.679862 0.615862 0.781862
0.248862 0.679862 0.974862 0.538862 0.898862 0.961862 0.747862;
0.914862 0.738862 1 0.950862 1 0.418862 0.631862 0.115862 0.327862
1 0.336862 0 0 0.550862 0 0.236862;
0.341862 0.219862 0.868862 0.448862 0.601862 0.248862 0.368862 0.095862
0.057862 0.427862 0.714862 0.895862 0.054862 0.242862 0.847862 0.326862
;
0.079862 0.244862 0.223862 0.659862 0.606862 0.942862 0.706862 0.694862
0.235862 0.604862 0.130862 0.568862 0.926862 0.444862 0.023862 0.953862
;
0.289862 0.047862 0.721862 0.102862 0.875862 0.658862 0.902862 0.975862
0.377862 0.523862 0.155862 0.971862 0.624862 0.827862 0.844862 0.206862
;
0.909862 0.858 0.856862 0.953862 0.203862 1 0.809862 0.224862 0.139862
0.631 1 0.498862 0.663862 1 0.879862 0.587862;
0.437862 0.530862 0.682862 0.949862 0.949862 0.143862 0.840862 0.286862
0.740862 1 0.438862 0.107862 0.120862 0.996862 0.261862 0.164862;
0.936862 0.391862 0.815862 0.390862 0.036862 0.309862 0.971862 0.573862
0.961862 0.179862 0.805862 0.315862 0.636862 0.616862 0.685862 0.565862
;
;
Retrig data for all 16 sequences in the pattern;
0 0 0 0 0 0 0 0 0 0 0 0 0.37931 0.172414 0 0;
0 0 0 0 0 0 0 0 0 0 0 0 0 0 0 0;
0 0 0 0 0 0 0 0 0 0 0 0 0 0 0 0;
0 0 0 0 0 0 0 0 0 0 0 0 0 0 0 0;
0 0 0 0 0 0 0 0 0 0 0 0 0 0 0 0;
0 0 0 0 0 0 0 0 0 0 0 0 0 0 0 0;
0 0 0 0 0 0 0 0 0 0 0 0 0 0 0 0;
0 0 0 0 0 0 0 0 0 0 0 0 0 0 0 0;
0 0 0 0 0 0 0 0 0 0 0 0 0 0 0 0;
0 0 0 0 0 0 0 0 0 0 0 0 0 0 0 0;
0 0 0 0 0 0 0 0 0 0 0 0 0 0 0 0;
0 0 0 0 0 0 0 0 0 0 0 0 0 0 0 0;
0 0 0 0 0 0 0 0 0 0 0 0 0 0 0 0;
0 0 0 0 0 0 0 0 0 0 0 0 0 0 0 0;
0 0 0 0 0 0 0 0 0 0 0 0 0 0 0 0;
0 0 0 0 0 0 0 0 0 0 0 0 0 0 0 0;
