The Beat Cop save file. Comments are auto generated;
FX / FX Params / Sample Start Positions / Sample Lengths / Sample Volumes
(all others unused);
15 15 15 15 15 15 15 15 15 15 15 15 15 15 15 15;
0 0.37931 0.793103 0.103448 0.241379 0.241379 0.413793 0.137931 0.517241
0.482759 0.517241 0.517241 0 0.758621 0.344828 1;
0.934167 0.98 0.56 0.7195 0.614 0.762167 0.5735 0 0.924 0.6505 0.749
0.659 0.751 0.5865 0.823 0.830167;
0.103448 0.758621 1 1 1 1 1 1 1 1 1 1 1 1 1 1;
0.533448 0.533448 1 1 1 1 0 1 1 1 1 1 1 1 1 1;
0 0 0 0 0 0 0 0 0 0 0 0 0 0 0 0;
0 0 0 0 0 0 0 0 0 0 0 0 0 0 0 0;
0 0 0 0 0 0 0 0 0 0 0 0 0 0 0 0;
0 0 0 0 0 0 0 0 0 0 0 0 0 0 0 0;
0 0 0 0 0 0 0 0 0 0 0 0 0 0 0 0;
0 0 0 0 0 0 0 0 0 0 0 0 0 0 0 0;
0 0 0 0 0 0 0 0 0 0 0 0 0 0 0 0;
0 0 0 0 0 0 0 0 0 0 0 0 0 0 0 0;
0 0 0 0 0 0 0 0 0 0 0 0 0 0 0 0;
0 0 0 0 0 0 0 0 0 0 0 0 0 0 0 0;
0 0 0 0 0 0 0 0 0 0 0 0 0 0 0 0;
;
Gate data for all 16 sequences in the pattern;
0 0 0 0 0 0 0 0 0 0 0 0 0 0 0 0;
0 0 0 0 0 0 0 0 1 0 0 0 0 0 0 1;
0 1 0 0 0 0 0 0 1 0 0 1 0 0 0 0;
0 0 0 0 0 0 0 0 0 0 0 0 0 1 0 1;
0 0 0 0 0 0 0 0 0 0 0 0 0 0 0 0;
0 0 0 1 0 0 0 0 0 0 0 0 0 0 0 0;
0 1 0 0 0 1 0 0 1 0 0 0 0 0 0 0;
0 0 0 0 0 0 0 1 0 0 0 0 0 0 0 1;
0 0 0 0 0 0 0 0 1 0 0 0 0 0 0 0;
0 0 0 0 0 0 1 0 0 0 0 0 1 0 0 0;
0 0 0 0 1 0 0 0 0 0 0 0 1 0 0 1;
1 0 0 0 0 0 0 0 0 1 0 0 0 0 1 0;
0 0 0 0 0 0 0 0 0 1 0 0 0 0 1 1;
0 1 0 1 0 0 0 1 0 0 0 0 0 0 0 0;
0 1 0 0 0 0 0 0 0 0 0 1 0 0 1 0;
0 0 0 0 0 0 0 0 0 0 0 0 0 0 0 0;
;
Pitch data for all 16 sequences in the pattern;
0.556897 0.791034 0.932759 0.475172 0.756207 0.628965 0.875862 0.615862
0.862759 0.814828 0.111724 0 0.228621 0.323793 0.217931 0.672069;
0.376862 0.107862 0.550862 0.518862 0.795862 0.664862 0.031862 0.505862
0.337862 0.694862 0.305862 0.070862 0.796862 0.790862 0.576862 0.604862
;
0.686897 0.0748276 0.143793 0.153793 0.634828 0.536897 0.912759 0.496897
0.0727586 0.123793 0.781724 0.687931 0.91 0.651724 0.0389655 0.815862
;
0.029862 0.230862 0.770862 1 0.453862 0.499862 0.697862 0.815862 0.644862
0.016862 0.068862 0.338862 0.877862 0.075862 0.503862 0.610862;
0.717862 0.698862 0.297862 0.642862 0.424862 0.284862 0.613862 0.124862
0.085862 0.716862 0.751862 0.791862 0.590862 1 0.915862 0.868862;
0.624862 0.160862 0.153862 0.159862 0.281862 0.184862 0.449862 0.643862
0.988862 0.122862 0.979862 0.378862 0.502862 0.968862 0.783862 0.032862
;
0.189862 0.862862 0.331862 0.237862 0.321862 0.054862 0.556862 0.159862
0.509862 0.701862 0.462862 0.993862 0.628862 0.024862 0.175862 0.104862
;
0.411862 0.613862 0.386862 0.115862 0.402862 0.311862 0.848862 0.019862
0.368862 0.479862 0.474862 0.094862 0.546862 0.812862 0.725862 0.651862
;
0.851862 0.783862 0.433862 0.594862 0.947862 0.936862 0.801862 0.132862
0.843862 0.046862 0.850862 0.700862 0.397862 0.533862 0.627862 0.801862
;
0.636862 0.306862 0.153862 0.035862 0.939862 0.471862 0.453862 0.971862
0.780862 0.553862 0.988862 0.392862 0.882862 0.948862 0.640862 0.245862
;
0.452862 0.678862 0.788862 0.366862 0.925862 0.022862 0.407862 0.571862
0.584862 0.716862 0.850862 0.314862 0.267862 0.380862 0.083862 0.237862
;
0.548862 0.957862 0.141862 0.073862 0.015862 0.257862 0.826862 0.529862
0.224862 0.811862 0.959862 0.174862 0.382862 0.717862 0.839862 0.594862
;
0.738862 0.764862 0.580862 0.207862 0.879862 0.405862 0.437862 1 0.231862
0.679862 0.399862 0.241862 0.614862 0.407862 0.353862 0.694862;
0.396862 0.282862 0.0358621 0.382862 0.753862 0.260862 0.528862 0.722862
0.698862 0.721862 0.819862 0.346862 0.919862 0.462862 0.632862 0.478862
;
0.459862 0.257862 0.997862 0.772862 0.432862 0.176862 0.950862 0.965862
0.281862 0.901862 0.431862 0.884862 0.810862 0.455862 0.247862 0.449862
;
0.427862 0.997862 0.520862 0.117862 0.275862 0.072862 0.117862 0.580862
0.199862 0.748862 1 0.812862 0.367862 0.524862 0.330862 0.675862;
;
Retrig data for all 16 sequences in the pattern;
1 0 1 0.429 0.299 0.2 1 0.844 0.91 0.029 0.901 0.187 0 0.647 1 0.45131
;
0.271 0.164 0.422 0.188 0.512 0.02 0 0.454 0 0.231 0.768 0.659 0.055
0.361 0 0.284;
0.1 0.637931 0.597931 0.194138 0.493103 0 0.601034 0.555862 0.604138
0 0.528966 0.301034 0.346897 0.887931 0.398966 0.791034;
0 0.822 0.657 0.502 0.624 0 1 0.704 0.898 0.069 0 0.454 0 0.125 0.277
0.049;
1 0.198 0.247 0.676 0 0.146 0 0.459 0.436 0.972 0.59 0 0.308 0.483
0 0.434;
0.468 0.532 0.113 0.451 0 0.544 1 0.882 0 0.014 0.951 0.377 0 0.112
0.552 0.241;
1 0.315 0.975 0.297 0.677 0.282 0.399 0 0.176 0 0.163 0.481 0.456 0.089
0.428 0.902;
0 0.36 0 0.013 0.642 0.879 0 0.045 0.492 0 0 0 0.091 0.72 0.53 0;
0.231034 1 0.116897 0.422069 0.153103 0.272069 0 0.186897 0 0.476897
0.474138 0 0.616897 0.235862 0 0.65;
0.114 0 0.376 1 0.434 0.385 0.489 0.139 0 0.667 1 0.213 0.00100005
0.477 0.681 0.03;
0 0.039 0 0.45 0 0.304 0 0.317 0.611 0.253 0 0 0.237 0.594 0.0249999
0.437;
0.42 0.197 0.339 0 0 0.736 0.134 0 0 0 0.318 1 0.265 0.318 0 0.431
;
0.627 0 0.00700003 0.613 1 0.584 0.099 0 0.135 0.344 0.2 0 1 0.269
0.716 0;
1 0.809 0.27 0.437 0 0 0.296 0 0.231 0.171 1 0.657 0.445 0.14 0 0;
0 0.282 0 1 0.655 0.584 0 0.41 0 0.197 0.766 0.457 0.285 0 0.143 0.836
;
0 0.087 0 0.083 0.07 0.215 0.457 0.136 0.158 0.281 0.551 1 0.384 0.693
0.055 0;
