The Beat Cop save file. Comments are auto generated;
FX / FX Params / Sample Start Positions / Sample Lengths / Sample Volumes
(all others unused);
7 7 7 7 7 7 7 7 7 7 7 7 7 7 7 7;
0 0.413793 0.448276 0.137931 0.517241 0.206897 0.310345 1 0.517241
0.448276 0.517241 0.517241 0.172414 0.413793 0.551724 1;
0 0 0 0 0 0 0 0 0 0 0 0 0 0 0 0;
0.206897 1 1 1 1 1 1 1 1 1 1 1 1 1 1 1;
0 1 1 1 1 1 1 1 0.793103 0.655172 1 0 1 1 1 1;
0 0 0 0 0 0 0 0 0 0 1 0 1 0 0 0;
0 0 0 0 0 0 0 0 0 0 0 0 0 0 0 0;
0 0 0 0 0 0 0 0 0 0 0 0 0 0 0 0;
0 0 0 0 0 0 0 0 0 0 0 0 0 0 0 0;
0 0 0 0 0 0 0 0 0 0 0 0 0 0 0 0;
0 0 0 0 0 0 0 0 0 0 0 0 0 0 0 0;
0 0 0 0 0 0 0 0 0 0 0 0 0 0 0 0;
0 0 0 0 0 0 0 0 0 0 0 0 0 0 0 0;
0 0 0 0 0 0 0 0 0 0 0 0 0 0 0 0;
0 0 0 0 0 0 0 0 0 0 0 0 0 0 0 0;
0 0 0 0 0 0 0 0 0 0 0 0 0 0 0 0;
;
Gate data for all 16 sequences in the pattern;
0 0 0 0 0 0 0 0 0 0 0 0 0 0 0 0;
0 0 0 0 0 0 0 0 0 0 0 0 0 0 0 0;
0 0 0 0 0 0 0 0 0 0 0 0 0 1 0 0;
0 0 1 1 0 1 1 1 0 1 1 1 0 1 1 0;
0 0 0 0 0 0 0 0 0 0 0 0 0 0 0 0;
1 0 0 1 0 0 0 0 0 0 0 0 0 0 0 0;
0 0 0 0 0 0 0 0 0 0 0 0 0 0 0 0;
0 1 0 1 0 1 0 1 0 1 0 1 0 1 0 1;
0 0 0 0 1 0 0 0 0 0 0 0 0 0 0 0;
1 0 1 1 1 1 1 1 1 1 1 1 1 0 0 1;
1 0 0 0 1 0 0 0 1 0 0 0 1 0 0 0;
0 0 0 0 0 0 0 0 0 0 0 0 0 0 0 0;
0 0 0 0 0 0 0 0 0 0 0 0 0 0 0 0;
0 0 0 0 0 0 0 0 0 0 0 0 0 0 1 0;
0 0 0 0 0 0 0 1 0 1 0 1 0 0 0 0;
0 0 0 0 0 0 0 0 0 0 0 0 0 0 0 0;
;
Pitch data for all 16 sequences in the pattern;
0.188 0.233 0.428862 0.747 0 0.451 0.440172 0 0.683 0.054 0.077 1 0.162
0.586 0.289103 0.296;
0.55 0 0.845 1 0.901 0 0.545 0.346 0.595 0.330172 0.31 0 1 0.074 0.321
0.618;
0.194 0 0 0.543 0.941931 1 0.261966 0.714 0.461069 0 1 0.541 0.413
0.239966 0.505 0.465;
0.00182807 0.792897 1 0.413 0.675 0.455 0.852 0.662034 1 0.099 0.857862
0.155138 0.283966 0 0 0.164;
0 0.787 1 0 0.355 0.634 0.146 0.498 0.559 0.778 0 0.582 1 0.374 1 0.526
;
0.934 1 0.350897 1 0.22 0.983 0.488 0.839 0.77 0.51 1 0.856138 0.059
0 0 0.645897;
0.795 0.244897 0 0.443897 0.119103 0.00413802 0 0.883862 0.423103 0
0.615138 0 0.291 0 0.00999993 0.163966;
0.166138 0.731 0.651 0 1 0.197828 0.624931 0.328 0.325069 0.44 0.958
0.136 1 0.666 1 0.84;
0 0.653034 0.310138 0 1 0 1 1 0.633 0.567 0.866 0.664828 0.702103 0.52
0.617 0.877172;
0 0.421 0 0 0.576 1 0.583862 0.587 0.798 1 0 0.111966 0.139 0.349103
0.656 0.829;
1 0.252 0.81 0.219 0.301 0.787 1 0 0.182 0.427 0 0.563 0.753 0.628
1 0.407;
0 0.352 0 0.511 0.693 0.684 0.687 0.609 0.538 0.00499997 0.451 0.108
0.507 0.443 0.853 0.599;
1 1 0.903 0.858 0.119 0.193 1 0.631 0.581 0.766 0.75 1 0.477 0.454
1 0;
0 0 0.332103 0 0.519069 0.553897 0.4 0.548 0.51 0.389966 0.958 0.209
0.339 0.687897 1 0.611;
0.962 0.44 0.293 0.455 0.459 0.172 0.772 0.783 0.644 0.389 0.534 0.051
0.104 0 0.319 1;
0.832 1 1 0.996 0 0.00299996 0.048 1 0.689 0 0.191 1 0.399 0.178 0.071
0.535;
;
Retrig data for all 16 sequences in the pattern;
0 0 0 0 0 0 0 0 0 0 0 0 0 0 0 0;
0 0 0 0 0 0 0 0 0 0 0 0 0 0 0 0;
0 0 0 0 0 0 0 0 0 0 0 0 0 0 0 0;
0 0 0 0 0 0 0 0 0 0 0.344828 0.793103 0 0 0 0;
0 0 0 0 0 0 0 0 0 0 0 0 0 0 0 0;
0 0 0 0 0 0 0 0 0 0 0 0 0 0 0 0;
0 0 0 0 0 0 0 0 0 0 0 0 0 0 0 0;
0 0 0 0 0 0 0 0 0 0 0 0 0 0 0 0;
0 0 0 0 0 0 0 0 0 0 0 0 0 0 0 0;
0 0 0 0 0 0 0 0 0 0 0 0 0 0 0 0;
0 0 0 0 0 0 0 0 0 0 0 0 0 0 0 0;
0 0 0 0 0 0 0 0 0 0 0 0 0 0 0 0;
0 0 0 0 0 0 0 0 0 0 0 0 0 0 0 0;
0 0 0 0 0 0 0 0 0 0 0 0 0 0 0 0;
0 0 0 0 0 0 0 0 0 0 0 0 0 0 0 0;
0 0 0 0 0 0 0 0 0 0 0 0 0 0 0 0;
