The Beat Cop save file. Comments are auto generated;
FX / FX Params / Sample Start Positions / Sample Lengths / Sample Volumes
(all others unused);
1 1 6 6 6 6 6 6 6 6 6 6 6 0 0 1;
0 0.482759 1 0.517241 0.517241 0.241379 0.37931 0.689655 0.517241 0.482759
0.517241 0.517241 1 0.206897 0.344828 1;
0.344828 0 0 0 0 0 0 0 0 0 0 0 0 0 0 0;
0.241379 0.0689655 1 1 1 1 0.0689655 1 1 1 1 1 1 1 1 1;
0.733448 0.983448 0.798621 0.541379 0.503448 0.654828 0.706897 0.900345
0.522069 0.518966 0.583103 0.605517 0.622414 0.605172 0.776897 0.628621
;
0 0 0 0 0 0 0 0 0 0 0 0 0 0 0 0;
0 0 0 0 0 0 0 0 0 0 0 0 0 0 0 0;
0 0 0 0 0 0 0 0 0 0 0 0 0 0 0 0;
0 0 0 0 0 0 0 0 0 0 0 0 0 0 0 0;
0 0 0 0 0 0 0 0 0 0 0 0 0 0 0 0;
0 0 0 0 0 0 0 0 0 0 0 0 0 0 0 0;
0 0 0 0 0 0 0 0 0 0 0 0 0 0 0 0;
0 0 0 0 0 0 0 0 0 0 0 0 0 0 0 0;
0 0 0 0 0 0 0 0 0 0 0 0 0 0 0 0;
0 0 0 0 0 0 0 0 0 0 0 0 0 0 0 0;
0 0 0 0 0 0 0 0 0 0 0 0 0 0 0 0;
;
Gate data for all 16 sequences in the pattern;
0 0 0 0 0 0 0 0 0 0 0 0 0 0 0 0;
1 1 0 0 0 0 0 0 0 0 0 0 0 1 0 0;
0 0 0 0 0 0 0 0 0 0 0 0 0 0 0 0;
0 0 0 0 0 0 0 0 0 0 1 0 0 0 0 0;
0 0 1 0 0 0 0 0 0 0 0 0 0 0 0 0;
0 0 0 1 0 0 0 0 0 1 0 0 0 1 0 0;
0 0 1 0 0 0 0 0 1 0 0 1 0 0 0 0;
0 0 0 0 0 0 0 0 0 0 0 0 0 0 0 0;
0 1 0 0 0 0 0 0 0 0 1 0 0 1 0 0;
0 0 1 0 0 0 0 0 1 1 0 0 0 0 0 0;
0 0 0 0 0 0 0 0 0 0 0 0 0 0 0 0;
0 0 0 0 0 0 0 0 0 0 0 0 0 1 0 0;
0 0 0 1 0 0 0 0 0 0 0 0 0 0 0 0;
0 0 0 0 0 0 0 0 0 0 0 1 0 0 0 0;
0 0 0 0 0 0 1 1 0 0 0 1 0 0 0 1;
0 0 0 0 1 0 1 0 0 0 0 1 0 0 0 0;
;
Pitch data for all 16 sequences in the pattern;
0.314828 1 0.978966 0 0.296897 0.956897 0.927931 0.218966 0.05 0.60069
0.225862 0.252759 0.91069 0 0.434828 0.598966;
0.214828 1 0.27 0.412759 0.612759 0.0406897 0.125862 0.823793 0.328966
0.29069 0.122759 0.554828 0.172759 0.206897 0.601724 0.84;
0.202862 0.872862 0.767862 0.893862 0.841862 0.548862 0.060862 0.231862
0.816862 0.984862 0.881862 0.365862 0.662862 0.220862 0.795862 0.250862
;
0.714862 0.805862 0.336862 0.147862 0.026862 0.019862 0.702862 0.302862
0.164862 0.579862 0.584862 0.887862 0.641862 0.357862 0.770862 0.456862
;
0.744862 0.541862 0.401862 0.222862 0.771862 0.556862 0.588862 0.941862
0.588862 0.536862 1 0.37 0.932862 0.439862 0.841862 0.645862;
0.851862 0.385862 0.950862 0.725862 0.244862 0.821862 0.814862 0.617862
0.864862 0.877862 0.961862 0.688862 0.923862 0.847862 0.888862 0.566862
;
0.156862 0.203862 0.534862 0.830862 0.176862 0.042862 0.042862 0.361862
0.332862 0.190862 0.611862 0.186862 0.562862 0.526862 0.351862 0.531862
;
0.342862 0.426862 0.265862 0.271862 0.859862 1 0.492862 0.766862 0.894862
0.621862 0.157862 0.831862 0.360862 0.985862 0.235862 0.415862;
0.654862 0.044862 0.820862 0.342862 0.149862 0.066862 0.950862 0.989862
0.015862 0.882862 0.493862 0.640862 0.392862 0.293862 0.104862 0.656862
;
0.903862 0.612862 0.436862 0.905862 0.464862 0.134862 0.763862 0.747862
0.722862 0.246862 0.076862 0.190862 0.294862 0.082862 0.089862 0.253862
;
0.457862 0.248862 0.914862 0.381862 0.782862 0.688862 0.842862 0.323862
0.604862 0.549862 0.925862 0.621862 0.266862 0.549862 0.880862 0.768862
;
0.251862 0.631862 0.618862 0.753862 0.648862 0.766862 0.659862 0.558862
0.814862 0.188862 0.623862 0.637862 0.067862 0.450862 0.731862 0.326862
;
0.781862 1 0.471862 0.568862 0.166862 0.970862 0.248862 0.861862 0.066862
0.125862 0.313862 0.502862 0.024862 0.105862 0.457862 0.614862;
0.104862 0.167862 0.963862 0.936862 1 0.463862 0.207862 0.198862 0.638862
0.882862 0.702862 0.045862 0.021862 0.398862 0.439862 0.883862;
0.842862 0.492862 0.144862 0.528862 0.394862 0.971862 0.695862 0.101862
0.368862 0.546862 0.060862 0.656862 0.508862 0.773862 0.616862 0.944862
;
0.177862 0.906862 0.627862 0.578862 0.126862 0.784862 0.437862 0.664862
0.659862 0.764862 0.217862 0.288862 0.497862 0.237862 0.493862 0.172862
;
;
Retrig data for all 16 sequences in the pattern;
0 0 0 0 0 0 0 0 0 0 0 0 0 0 0 0;
0 0 0 0 0 0 0 0 0 0 0 0 0 0 0 0;
0 0 0 0 0 0 0 0 0 0 0 0 0 0 0 0;
0 0 0 0 0 0 0 0 0 0 0 0 0 0 0 0;
0 0 0 0 0 0 0 0 0 0 0 0 0 0 0 0;
0 0 0 0 0 0 0 0 0 0 0 0 0 0 0 0;
0 0 0 0 0 0 0 0 0 0 0 0 0 0 0 0;
0 0 0 0 0 0 0 0 0 0 0 0 0 0 0 0;
0 0 0 0 0 0 0 0 0 0 0 0 0 0 0 0;
0 0 0 0 0 0 0 0 0 0 0 0 0 0 0 0;
0 0 0 0 0 0 0 0 0 0 0 0 0 0 0 0;
0 0 0 0 0 0 0 0 0 0 0 0 0 0 0 0;
0 0 0 0 0 0 0 0 0 0 0 0 0 0 0 0;
0 0 0 0 0 0 0 0 0 0 0 0 0 0 0 0;
0 0 0 0 0 0 0 0 0 0 0 0 0 0 0 0;
0 0 0 0 0 0 0 0 0 0 0 0 0 0 0 0;
