The Beat Cop save file. Comments are auto generated;
FX / FX Params / Sample Start Positions / Sample Lengths / Sample Volumes
(all others unused);
15 15 15 15 15 15 15 15 15 15 15 15 15 15 15 15;
0.25 0.482759 1 0.517241 0.517241 0.241379 0.275862 0.689655 0.517241
0.482759 0.517241 0.517241 0.25 0.206897 0.344828 1;
0 0 0 0 0 0 0 0 0 0 0 0 0 0 0 0;
1 1 1 1 1 1 1 1 1 1 1 1 1 1 1 1;
1 1 1 1 1 1 1 1 1 1 1 1 1 1 1 1;
0.417241 0.889655 0.480345 0 0.141724 0.401724 0.26 0.574828 0.37 0.448966
0.519655 0.519655 0.598276 0.803103 0.818965 0.252069;
0 0 0 0 0 0 0 0 0 0 0 0 0 0 0 0;
0 0 0 0 0 0 0 0 0 0 0 0 0 0 0 0;
0 0 0 0 0 0 0 0 0 0 0 0 0 0 0 0;
0 0 0 0 0 0 0 0 0 0 0 0 0 0 0 0;
0 0 0 0 0 0 0 0 0 0 0 0 0 0 0 0;
0 0 0 0 0 0 0 0 0 0 0 0 0 0 0 0;
0 0 0 0 0 0 0 0 0 0 0 0 0 0 0 0;
0 0 0 0 0 0 0 0 0 0 0 0 0 0 0 0;
0 0 0 0 0 0 0 0 0 0 0 0 0 0 0 0;
0 0 0 0 0 0 0 0 0 0 0 0 0 0 0 0;
;
Gate data for all 16 sequences in the pattern;
0 0 0 0 0 0 0 0 0 0 0 0 0 0 0 0;
0 0 0 0 0 0 0 0 0 0 0 0 0 0 0 0;
0 0 0 0 0 0 0 0 0 0 0 0 0 0 0 0;
0 0 0 0 0 0 0 0 0 0 0 0 0 0 0 0;
0 0 0 0 0 0 0 0 0 0 0 0 0 0 0 0;
0 0 0 0 0 0 0 0 0 0 0 0 0 0 0 0;
0 0 0 0 0 0 0 0 0 0 0 0 0 0 0 0;
0 0 0 0 0 0 0 0 0 0 0 0 0 0 0 0;
0 0 0 0 0 0 0 0 0 0 0 0 0 0 0 0;
0 0 0 0 0 0 0 0 0 0 0 0 0 0 0 0;
0 0 0 0 0 0 0 0 0 0 0 0 0 0 0 0;
0 0 0 0 0 0 0 0 0 0 0 0 0 0 0 0;
0 0 0 0 0 0 0 0 0 0 0 0 0 0 0 0;
0 0 0 0 0 0 0 0 0 0 0 0 0 0 0 0;
0 0 0 0 0 0 0 0 0 0 0 0 0 0 0 0;
0 0 0 0 0 0 0 0 0 0 0 0 0 0 0 0;
;
Pitch data for all 16 sequences in the pattern;
0.515862 0.515862 0.515862 0.515862 0.515862 0.515862 0.515862 0.515862
0.515862 0.515862 0.515862 0.515862 0.515862 0.515862 0.515862 0.515862
;
0.515862 0.515862 0.515862 0.515862 0.515862 0.515862 0.515862 0.515862
0.515862 0.515862 0.515862 0.515862 0.515862 0.515862 0.515862 0.515862
;
0.515862 0.515862 0.515862 0.515862 0.515862 0.515862 0.515862 0.515862
0.515862 0.515862 0.515862 0.515862 0.515862 0.515862 0.515862 0.515862
;
0.515862 0.515862 0.515862 0.515862 0.515862 0.515862 0.515862 0.515862
0.515862 0.515862 0.515862 0.515862 0.515862 0.515862 0.515862 0.515862
;
0.515862 0.515862 0.515862 0.515862 0.515862 0.515862 0.515862 0.515862
0.515862 0.515862 0.515862 0.515862 0.515862 0.515862 0.515862 0.515862
;
0.515862 0.515862 0.515862 0.515862 0.515862 0.515862 0.515862 0.515862
0.515862 0.515862 0.515862 0.515862 0.515862 0.515862 0.515862 0.515862
;
0.515862 0.515862 0.515862 0.515862 0.515862 0.515862 0.515862 0.515862
0.515862 0.515862 0.515862 0.515862 0.515862 0.515862 0.515862 0.515862
;
0.515862 0.515862 0.515862 0.515862 0.515862 0.515862 0.515862 0.515862
0.515862 0.515862 0.515862 0.515862 0.515862 0.515862 0.515862 0.515862
;
0.515862 0.515862 0.515862 0.515862 0.515862 0.515862 0.515862 0.515862
0.515862 0.515862 0.515862 0.515862 0.515862 0.515862 0.515862 0.515862
;
0.515862 0.515862 0.515862 0.515862 0.515862 0.515862 0.515862 0.515862
0.515862 0.515862 0.515862 0.515862 0.515862 0.515862 0.515862 0.515862
;
0.515862 0.515862 0.515862 0.515862 0.515862 0.515862 0.515862 0.515862
0.515862 0.515862 0.515862 0.515862 0.515862 0.515862 0.515862 0.515862
;
0.515862 0.515862 0.515862 0.515862 0.515862 0.515862 0.515862 0.515862
0.515862 0.515862 0.515862 0.515862 0.515862 0.515862 0.515862 0.515862
;
0.515862 0.515862 0.515862 0.515862 0.515862 0.515862 0.515862 0.515862
0.515862 0.515862 0.515862 0.515862 0.515862 0.515862 0.515862 0.515862
;
0.515862 0.515862 0.515862 0.515862 0.515862 0.515862 0.515862 0.515862
0.515862 0.515862 0.515862 0.515862 0.515862 0.515862 0.515862 0.515862
;
0.515862 0.515862 0.515862 0.515862 0.515862 0.515862 0.515862 0.515862
0.515862 0.515862 0.515862 0.515862 0.515862 0.515862 0.515862 0.515862
;
0.515862 0.515862 0.515862 0.515862 0.515862 0.515862 0.515862 0.515862
0.515862 0.515862 0.515862 0.515862 0.515862 0.515862 0.515862 0.515862
;
;
Retrig data for all 16 sequences in the pattern;
0 0 0 0 0 0 0 0 0 0 0 0 0 0 0 0;
0 0 0 0 0 0 0 0 0 0 0 0 0 0 0 0;
0 0 0 0 0 0 0 0 0 0 0 0 0 0 0 0;
0 0 0 0 0 0 0 0 0 0 0 0 0 0 0 0;
0 0 0 0 0 0 0 0 0 0 0 0 0 0 0 0 ;
0 0 0 0 0 0 0 0 0 0 0 0 0 0 0 0;
0 0 0 0 0 0 0 0 0 0 0 0 0 0 0 0;
0 0 0 0 0 0 0 0 0 0 0 0 0 0 0 0;
0 0 0 0 0 0 0 0 0 0 0 0 0 0 0 0;
0 0 0 0 0 0 0 0 0 0 0 0 0 0 0 0;
0 0 0 0 0 0 0 0 0 0 0 0 0 0 0 0;
0 0 0 0 0 0 0 0 0 0 0 0 0 0 0 0;
0 0 0 0 0 0 0 0 0 0 0 0 0 0 0 0;
0 0 0 0 0 0 0 0 0 0 0 0 0 0 0 0;
0 0 0 0 0 0 0 0 0 0 0 0 0 0 0 0;
0 0 0 0 0 0 0 0 0 0 0 0 0 0 0 0;
